2 1 20 2 4 0 3 3 0 2
0 0 0 1 1 1 1 0 0 0
1 1 1 1 1 0 0 1 1 1
0 0 1 0 0 1 0 0 1 1
1 0 0 2 2 2 3 1 0 3
1 0 1 1 1 0 0 0 0 1
0 0 0 0 0 0 0 0 0 0
0 1 0 0 0 1 1 1 0 1
0 3 2 0 2 1 0 3 2 0
0 0 0 0 0 0 0 0 0 0
4 1 1 4 1 2 6 3 1 2 5 5 3 5 0 24 1 1 4 0 0 3 2 3 1 5 6 0 1 3 3 2 20 5 21 7 4 2 4 6 3 5 1 6 3 0 0 6 4 0
8 11 17 5 12 11 9 7 7 13 2 17 8 13 15 8 9 21 0 5 16 3 2 15 5 15 6 1 12 6 12 3 13 20 17 7 13 16 1 11 6 8 8 1 16 3 21 0 5 20
24 3 0 14 15 13 6 2 3 21 12 5 16 10 1 5 22 20 9 13 23 17 9 1 7 11 11 3 19 2 7 22 16 12 18 19 18 1 4 10 14 8 21 15 19 24 0 8 0 21
3 1 23 22 15 9 12 20 7 12 14 10 13 7 0 3 1 6 0 13 19 21 17 18 5 23 17 2 4 9 8 7 16 14 4 11 19 16 22 6 21 15 3 13 24 10 20 13 11 22
8 19 6 3 21 2 2 3 6 11 0 6 4 8 7 8 0 4 2 11 11 1 7 0 11 5 3 8 7 0 8 2 6 1 7 6 4 5 18 6 3 0 3 4 2 2 4 6 11 9
9 2 1 14 6 7 7 6 4 3 4 0 3 0 3 11 0 3 3 6 3 2 7 5 8 4 6 3 0 0 9 4 0 8 5 6 5 1 4 2 21 5 2 3 9 3 2 6 0 1
7 13 1 2 8 11 10 1 9 8 5 13 12 13 4 5 10 0 12 11 17 0 6 10 5 10 6 11 11 2 14 3 13 12 17 20 3 1 15 6 7 20 15 19 17 12 4 11 5 2
9 4 15 18 1 11 13 8 8 18 17 16 21 0 2 22 12 21 3 9 5 15 19 5 20 14 4 15 2 14 12 12 19 2 3 6 7 15 0 20 6 11 1 10 22 14 16 14 2 17
2 9 9 5 6 7 4 3 6 5 0 4 8 4 3 8 7 10 9 0 9 5 0 8 6 3 10 2 0 8 2 5 7 9 2 2 4 5 19 10 3 21 4 8 5 10 6 4 9 6
0 1 1 14 8 9 11 8 9 4 15 4 5 10 3 6 3 5 2 13 3 11 8 3 7 2 0 7 1 4 2 8 15 1 7 6 10 7 9 14 14 13 6 5 1 1 9 11 2 9
