59 31 424
97 14 620
88 66 326
90 49 383
98 58 81
66 58 695
90 48 677
86 97 940
4 37 750
28 12 134
11 63 461
11 10 863
96 25 514
27 44 213
43 45 853
68 56 848
36 49 157
65 47 113
24 63 965
56 45 360
62 65 421
42 14 401
92 13 458
94 66 189
25 37 763
13 41 341
88 2 873
17 89 431
50 41 442
76 85 152
37 17 763
77 89 711
24 73 846
20 36 45
39 21 833
82 4 909
24 83 506
43 66 591
21 51 645
98 77 492
92 10 499
60 61 85
87 82 668
73 84 807
61 42 250
59 48 780
6 36 79
14 98 921
77 66 266
33 13 606
74 20 834
74 51 735
65 75 790
56 50 76
7 19 449
25 42 388
68 4 399
36 54 18
100 76 150
45 40 70
37 63 45
60 85 461
24 74 607
87 18 158
63 38 675
48 94 806
13 43 681
74 75 701
75 62 572
46 60 979
28 45 871
100 1 258
28 37 487
74 42 276
38 44 315
2 62 706
77 79 394
94 4 729
2 4 866
47 76 900
25 2 679
81 94 928
34 90 483
84 45 626
8 1 376
73 77 274
14 50 889
98 96 662
49 82 892
37 45 388
16 80 346
39 65 834
91 79 186
89 65 196
76 35 120
16 36 14
40 39 848
43 1 370
66 94 753
6 7 710
39 88 394
94 1 82
3 6 515
3 89 721
38 43 932
46 12 840
1 51 391
79 100 722
10 91 426
53 17 62
73 53 781
1 67 401
35 79 746
54 86 417
67 58 457
6 37 284
58 66 831
84 70 853
81 39 649
6 19 567
100 8 685
14 58 205
20 73 633
19 68 526
44 42 516
82 27 964
49 69 338
41 11 182
20 98 778
85 19 518
71 100 989
16 6 173
90 58 858
31 75 525
69 97 47
9 50 268
3 73 349
27 39 990
93 1 334
91 22 747
77 47 91
81 58 657
32 26 804
63 60 317
14 46 563
55 77 851
4 96 643
86 89 89
27 14 803
73 45 216
33 2 296
77 19 624
55 54 916
89 63 483
47 44 431
15 61 635
8 38 103
46 74 410
12 98 18
30 73 406
83 91 440
20 81 974
51 72 304
24 84 424
41 76 667
15 81 638
93 21 437
30 54 83
33 71 303
57 81 106
72 61 812
72 59 702
49 80 842
78 45 63
39 68 878
7 73 558
78 4 223
17 99 699
51 18 714
89 26 774
44 72 675
3 63 424
54 85 353
43 18 327
18 41 864
92 73 917
71 72 211
23 21 225
47 85 837
55 31 173
58 30 476
68 62 964
36 71 965
46 65 306
4 73 636
89 64 801
42 50 625
11 67 340
76 33 187
10 82 649
66 3 365
57 69 800
100 78 961
36 75 566
91 15 741
97 88 207
37 68 911
53 91 827
5 50 476
80 13 295
37 74 762
38 97 330
86 90 708
17 33 784
24 30 275
45 41 45
1 42 775
15 89 459
43 82 863
44 54 758
47 57 14
54 56 140
39 45 971
66 38 485
68 88 582
17 88 333
14 66 260
26 74 674
14 62 809
29 64 40
42 22 62
92 4 224
58 94 153
76 32 938
21 22 46
70 97 945
43 23 885
34 24 892
99 64 90
84 19 707
4 21 807
79 93 845
35 42 394
7 26 969
31 71 84
84 39 121
74 62 104
33 40 175
12 18 301
51 42 989
95 60 313
26 14 360
4 23 350
10 4 372
54 3 644
99 98 925
5 27 183
75 87 676
30 96 104
21 17 374
72 79 802
51 86 735
57 18 354
93 87 417
67 3 89
99 72 112
51 60 304
36 55 926
30 4 793
31 7 146
51 45 535
36 13 157
8 79 923
99 20 630
15 63 538
49 25 704
26 60 161
56 20 543
77 66 244
77 56 702
83 8 110
80 5 711
18 13 104
36 85 140
77 99 368
27 62 46
29 93 215
61 75 647
32 80 520
83 19 574
26 75 411
52 22 487
93 35 405
86 60 232
9 77 541
35 32 944
25 38 864
13 28 361
76 40 942
85 49 301
82 83 347
11 65 337
100 88 549
83 61 906
70 90 16
53 82 674
96 81 330
65 57 78
49 5 770
72 37 844
55 1 905
7 74 333
31 47 33
55 47 310
45 93 757
69 6 865
85 57 965
27 10 615
58 48 882
36 79 181
56 71 408
14 10 593
25 65 451
39 20 145
80 54 662
96 15 27
25 46 726
85 32 568
52 91 201
45 17 144
75 53 262
92 97 140
38 71 301
66 18 874
15 98 358
92 47 418
22 34 802
69 59 840
55 84 970
64 1 240
62 9 428
62 97 844
47 41 221
72 17 620
79 51 284
89 80 976
37 27 88
62 98 879
64 78 441
33 79 600
62 64 327
79 21 401
23 79 123
65 16 422
49 6 851
53 100 806
90 80 567
20 6 766
90 27 846
38 81 273
91 75 84
69 82 265
27 31 561
46 29 13
7 68 487
36 41 160
52 61 895
57 68 668
21 65 741
59 68 678
21 57 260
58 20 253
59 9 881
83 76 697
45 9 553
46 98 4
32 64 549
64 81 196
26 16 339
90 11 192
58 1 962
86 69 241
100 22 76
3 53 309
76 42 858
58 87 927
54 78 542
72 38 554
70 76 111
72 53 584
60 21 894
89 38 150
11 93 841
58 74 53
44 71 444
6 72 756
39 14 785
34 13 120
56 62 899
80 32 797
19 55 852
70 51 642
14 59 963
19 85 805
9 23 693
52 73 351
7 78 752
23 96 187
59 49 637
85 82 439
5 71 488
63 94 826
77 99 893
67 41 151
9 33 726
49 33 131
23 96 203
52 49 260
67 11 973
36 23 688
69 32 395
14 16 494
63 53 805
96 77 231
9 67 22
97 71 889
62 83 785
98 97 106
45 78 436
35 20 496
16 29 103
47 50 980
95 17 938
85 15 997
18 32 268
28 99 29
58 68 889
67 1 493
22 2 147
7 97 265
70 17 603
26 58 185
36 46 267
5 10 35
59 69 471
61 32 251
32 31 908
24 95 688
49 66 213
62 59 903
28 62 415
82 91 318
97 90 881
70 3 51
90 25 15
70 15 440
27 33 247
39 74 47
24 14 192
7 2 486
71 86 360
19 98 499
87 1 835
66 38 576
42 99 959
32 1 219
66 68 372
97 13 574
26 32 357
34 90 609
18 33 432
46 86 349
5 36 289
20 94 181
51 62 283
75 54 548
22 82 760
82 63 341
53 46 946
33 21 160
99 52 223
86 80 345
55 34 37
22 100 799
27 92 670
58 91 367
21 2 968
17 15 626
91 4 252
13 37 402
8 78 907
96 84 27
83 1 596
91 37 644
15 27 525
61 12 649
62 71 408
34 55 302
62 6 233
73 24 854
43 81 830
43 20 504
9 37 104
39 7 361
94 63 824
75 18 256
62 20 370
66 22 321
67 20 828
55 31 668
76 44 259
14 87 651
8 69 242
32 13 317
29 73 331
23 71 959
13 92 118
64 11 81
67 27 397
14 47 356
5 81 270
43 52 513
44 97 86
71 1 733
8 46 671
65 50 161
34 5 13
43 69 214
88 50 983
68 3 768
99 25 96
54 97 548
66 97 766
92 38 256
47 79 445
100 5 376
37 70 451
26 4 578
22 30 513
24 99 911
95 97 750
56 44 710
59 12 75
28 68 787
79 24 638
19 32 788
76 84 194
28 98 970
100 9 453
18 43 706
4 43 367
6 66 590
36 54 879
93 28 579
99 37 911
91 62 956
36 54 646
87 80 475
11 85 998
95 8 393
84 98 454
33 73 751
23 63 234
41 30 984
80 26 954
68 30 497
82 27 699
24 16 651
63 34 412
95 34 631
42 74 645
46 43 324
11 32 770
82 24 864
100 82 408
67 92 658
25 92 935
21 52 223
20 9 644
94 50 977
54 64 364
5 79 239
33 92 771
75 37 581
23 92 932
65 73 702
65 76 558
10 74 300
58 40 848
54 83 784
19 64 623
41 96 467
25 95 160
4 37 717
71 100 891
75 69 621
100 26 842
37 26 203
13 14 996
78 23 181
46 15 755
83 73 479
68 43 266
42 14 724
25 41 131
11 9 994
6 21 209
14 91 738
9 77 801
17 24 404
99 90 952
96 1 620
6 7 184
63 54 233
54 92 818
70 18 149
3 27 982
9 86 235
92 47 865
70 10 871
18 12 764
6 94 317
100 64 826
70 36 96
52 15 322
35 95 613
15 94 137
97 5 405
85 6 991
44 95 186
48 75 616
85 97 504
2 75 561
17 58 843
50 24 935
5 16 941
66 18 773
59 52 630
18 63 685
89 95 675
46 91 788
39 78 60
31 2 644
39 22 711
18 79 483
57 60 526
74 55 642
34 94 425
74 71 983
57 49 795
26 15 312
45 23 164
54 43 843
78 42 173
99 30 588
33 67 502
19 27 349
100 84 789
83 92 259
4 77 178
93 69 635
49 41 613
82 56 314
64 24 979
54 45 668
76 50 187
14 62 140
80 85 588
46 57 350
82 36 773
77 68 809
55 66 617
28 3 703
40 2 40
67 97 205
38 25 840
57 83 556
10 93 133
98 32 219
56 67 652
30 22 116
91 54 626
48 75 156
56 22 561
11 29 746
91 83 420
2 17 553
21 94 842
11 55 881
26 68 823
57 64 977
12 2 487
61 2 405
47 17 656
52 88 664
79 78 583
35 85 987
79 95 319
63 23 798
96 44 133
4 58 992
100 52 199
24 15 377
95 46 59
2 70 89
74 85 752
5 83 524
63 50 730
74 77 857
3 65 634
97 37 17
36 79 92
9 58 959
15 66 888
21 14 47
84 4 587
67 60 474
59 20 447
78 84 21
52 63 506
63 50 366
60 26 403
4 42 797
62 1 452
55 65 755
12 20 974
61 13 825
67 34 164
16 30 527
63 33 574
35 64 902
64 61 246
15 58 409
96 14 112
75 65 64
57 11 271
30 40 336
19 30 339
26 69 499
24 33 250
47 97 614
87 71 73
66 13 452
67 86 490
14 84 806
85 23 936
23 48 575
73 12 533
89 68 358
73 65 819
43 69 20
87 24 642
43 1 60
24 14 74
56 3 295
15 35 357
14 51 258
96 75 274
79 57 38
28 24 900
75 35 982
20 63 204
69 3 47
30 92 92
96 99 899
18 81 286
29 45 135
48 36 820
78 22 568
70 69 471
9 93 43
34 96 724
77 45 826
33 46 48
77 1 298
4 34 946
79 22 976
12 26 803
65 27 591
13 73 768
75 8 479
87 59 830
65 95 875
52 47 29
17 63 230
70 18 780
92 83 400
24 89 174
25 90 475
4 81 478
76 89 926
23 98 576
87 57 110
82 25 563
55 23 353
75 6 722
70 26 692
33 7 326
25 71 272
49 87 792
47 65 155
18 80 89
86 100 732
1 89 297
75 69 810
44 29 964
12 86 625
10 93 675
19 45 526
100 94 690
36 62 675
71 91 396
64 95 903
42 20 553
33 13 862
31 80 453
24 84 2
21 20 932
87 61 34
80 8 480
39 33 839
55 99 141
15 12 506
76 21 985
48 16 913
76 88 410
87 35 248
62 46 423
44 66 402
8 51 786
34 73 829
6 93 748
7 57 379
52 8 861
44 17 258
35 73 971
8 95 600
79 22 701
72 36 902
2 68 459
57 42 194
92 60 672
57 94 78
21 89 537
24 92 633
67 8 273
37 55 784
62 61 841
77 50 447
63 8 371
20 87 797
12 41 608
76 10 710
68 79 464
71 35 25
62 17 9
68 50 144
11 5 701
36 3 939
62 7 948
87 100 373
55 32 55
11 93 758
52 74 714
95 6 776
13 52 564
55 96 313
59 6 336
85 87 29
72 53 972
26 37 826
79 46 472
97 27 709
33 72 454
28 72 224
89 70 161
76 64 89
20 33 419
51 3 823
56 19 974
95 46 523
34 8 598
76 9 148
47 67 447
34 63 428
40 84 849
51 67 781
16 34 227
85 5 951
60 28 112
48 72 722
92 83 623
80 84 1000
82 1 230
51 95 611
11 62 367
88 2 322
90 71 219
81 71 545
22 14 942
16 5 119
5 19 892
69 36 626
82 61 892
13 63 199
88 18 327
57 11 2
40 5 597
46 26 828
10 46 80
65 71 2
41 55 442
21 24 201
86 93 94
69 59 345
38 90 544
89 80 136
43 27 424
93 86 731
78 56 562
87 85 855
26 69 72
22 50 210
18 12 291
9 74 230
97 41 853
42 98 109
88 30 729
11 75 554
6 77 675
3 19 706
66 78 460
70 29 909
2 63 425
40 41 541
3 96 138
5 24 956
67 49 894
27 91 464
45 63 988
33 84 96
74 52 42
72 91 779
100 99 11
70 20 932
13 71 40
34 37 415
3 92 485
66 47 957
58 98 480
43 63 625
56 83 851
80 38 819
73 57 167
23 69 693
51 9 675
45 65 587
