58 74 992
100 87 476
26 1 288
34 11 184
71 74 98
72 84 24
67 37 848
74 39 901
28 70 701
90 15 266
29 48 35
88 78 219
45 71 886
91 77 761
46 13 697
90 56 255
16 43 160
99 12 130
84 80 948
29 25 517
26 49 969
46 92 289
37 14 63
61 98 916
87 85 308
6 36 704
10 24 612
98 20 37
90 29 578
33 38 914
54 74 732
77 32 595
8 52 55
74 24 87
42 19 270
35 92 428
74 66 2
77 69 743
22 18 825
88 43 321
70 49 407
20 86 644
85 2 685
27 7 782
16 26 284
43 63 8
12 68 613
28 11 413
16 77 448
97 7 352
61 42 155
40 14 934
15 96 859
38 13 292
91 40 222
60 88 752
74 46 750
56 68 352
89 79 448
93 17 528
62 24 565
33 62 448
30 51 866
11 39 101
34 56 961
24 10 394
68 77 685
62 79 920
94 46 589
27 13 338
54 80 694
62 23 22
71 72 697
95 62 139
2 64 792
63 75 764
22 57 561
95 41 810
14 38 320
38 1 9
25 39 899
65 27 810
85 75 593
64 56 129
71 55 154
10 66 376
14 26 151
40 52 812
25 98 145
20 34 286
66 78 652
90 11 472
85 37 82
59 2 636
35 65 828
58 82 874
42 23 488
12 98 651
55 2 571
57 42 328
100 7 392
18 91 975
6 87 158
75 13 190
100 15 796
79 71 522
79 9 801
39 95 262
71 53 927
40 45 805
54 13 752
60 61 856
25 94 347
95 41 103
3 75 334
39 45 827
16 66 601
44 71 181
82 93 283
72 96 963
100 5 499
90 30 8
61 49 275
43 73 751
8 81 184
13 93 439
18 26 643
35 66 989
97 44 640
66 61 733
13 81 202
25 36 524
68 42 209
6 93 227
34 8 419
38 78 418
66 36 208
8 9 527
78 83 320
34 87 465
83 86 333
86 46 398
3 81 393
15 14 955
43 26 9
19 100 626
8 16 773
61 27 618
95 48 203
7 20 410
43 86 640
13 66 851
85 44 943
91 97 302
80 61 778
83 65 145
86 72 839
8 7 241
77 1 843
18 72 343
95 49 3
92 46 287
17 59 763
82 41 532
1 32 642
15 59 490
29 86 343
16 53 686
36 52 156
24 89 706
98 69 649
72 41 251
79 60 150
25 51 881
61 64 900
32 14 688
68 1 135
83 35 401
97 35 171
82 67 684
19 80 7
62 42 736
40 57 90
65 60 788
21 92 37
82 83 720
70 23 732
29 91 367
94 26 465
33 79 911
78 67 991
24 13 609
52 62 326
65 20 770
9 30 571
31 35 851
26 34 506
63 94 714
49 54 998
61 54 423
89 98 707
67 93 262
87 16 840
1 52 231
76 80 874
92 24 393
96 79 526
99 1 250
53 60 672
41 42 950
9 76 973
96 46 164
46 53 300
9 94 327
21 51 394
3 72 541
45 16 641
88 47 729
43 7 184
33 79 540
13 42 577
28 35 713
90 71 523
85 40 186
16 53 4
28 9 665
85 66 114
22 50 939
9 45 808
9 28 69
52 69 56
92 58 519
14 69 650
28 26 318
38 9 526
85 91 665
73 99 67
70 81 181
96 49 505
88 84 418
77 65 506
32 14 232
8 58 797
61 81 249
46 2 978
66 65 100
62 27 403
2 78 809
73 51 577
62 13 430
49 52 249
8 42 803
63 4 702
14 81 277
30 11 743
13 33 507
86 14 606
55 39 680
50 61 744
85 37 156
54 89 6
73 64 949
79 27 232
98 65 443
3 41 29
73 44 304
89 97 798
87 24 138
38 3 186
80 46 400
100 17 755
96 59 220
22 8 694
44 95 199
90 3 469
90 17 452
74 52 238
78 97 774
83 55 871
28 19 170
70 57 160
15 2 718
54 25 855
44 2 106
13 8 70
78 30 903
43 23 12
46 89 700
46 81 784
6 24 973
67 6 696
83 22 450
79 93 593
44 32 405
89 20 440
46 41 323
80 62 835
38 14 232
55 69 624
30 99 266
90 35 728
2 29 656
58 60 692
84 88 439
76 82 952
68 27 854
26 85 214
84 48 229
79 12 707
49 11 568
91 64 538
37 22 728
62 99 483
85 25 564
66 12 587
21 59 116
27 64 662
67 20 240
77 25 65
67 99 450
55 17 129
51 6 704
86 65 732
41 2 619
34 39 463
13 22 714
63 78 166
4 45 465
16 99 637
47 58 25
64 61 461
6 91 347
12 69 984
92 51 803
3 78 881
83 53 655
92 47 164
82 91 834
95 2 521
31 51 214
78 80 170
100 44 839
87 7 261
43 63 568
49 65 608
2 74 192
85 69 320
94 75 139
71 58 830
13 78 707
10 44 66
68 91 893
37 62 898
48 74 277
12 16 910
78 16 656
100 79 798
78 14 920
17 44 1
58 11 687
58 38 748
13 2 83
100 24 508
39 94 308
54 28 229
41 66 680
47 82 184
21 95 764
91 93 484
75 27 208
53 8 208
99 56 444
21 12 638
11 29 986
62 15 737
20 76 461
73 47 229
1 5 251
95 77 947
70 86 112
74 59 210
75 90 861
90 16 910
74 92 309
57 71 801
13 26 672
50 94 441
46 99 23
23 47 104
7 57 712
28 25 224
69 88 27
65 11 469
39 91 367
31 37 548
26 79 210
96 92 1000
57 51 958
51 17 329
66 29 368
84 8 998
29 65 639
38 51 130
12 69 296
70 62 78
93 3 826
89 34 973
11 54 875
23 39 765
33 67 253
26 14 324
25 76 971
76 96 40
80 72 449
46 76 205
58 28 262
21 52 271
92 18 166
19 77 895
28 63 373
4 64 770
54 56 655
36 51 94
18 57 312
33 58 189
52 26 780
22 97 346
30 27 319
10 48 396
93 58 940
63 72 68
85 17 532
15 87 306
6 17 111
1 39 168
30 19 853
89 84 849
66 8 435
77 45 799
1 37 787
85 35 530
74 5 931
97 35 26
8 85 431
56 82 368
33 56 660
77 97 227
25 11 189
25 48 796
74 11 778
82 21 423
56 30 120
9 49 603
52 72 283
56 20 724
3 11 898
3 84 544
56 86 596
23 98 930
73 65 495
55 44 78
37 82 518
11 99 359
99 66 200
91 24 768
49 30 927
85 1 905
66 3 480
16 60 272
35 85 283
40 94 972
82 41 509
36 35 245
45 27 167
49 17 427
60 26 700
45 21 12
90 83 117
9 61 962
37 78 439
49 85 958
32 2 522
17 15 319
28 85 833
87 98 748
9 93 219
70 66 457
30 21 329
13 65 375
67 15 43
65 25 977
79 32 301
88 66 285
82 76 438
10 19 764
60 67 252
9 66 139
12 43 90
66 33 688
92 12 691
59 42 142
100 87 733
24 58 903
13 44 478
26 76 694
13 36 343
42 68 135
41 10 809
5 32 544
53 76 181
18 57 223
81 76 897
63 76 288
61 42 709
39 54 57
64 58 45
20 85 595
69 50 615
4 96 321
74 85 1
60 69 616
7 79 556
40 47 907
70 50 600
15 77 109
35 40 425
78 40 490
11 15 308
87 50 833
86 80 887
68 14 185
95 44 822
89 9 443
60 17 34
89 15 177
41 66 616
89 78 183
23 78 967
49 34 610
61 24 805
60 51 875
15 34 472
73 72 544
70 34 27
100 73 421
88 40 206
4 46 469
14 87 705
58 86 702
6 77 951
5 79 816
74 73 467
31 41 602
12 97 564
72 99 381
6 47 569
40 67 576
70 1 620
71 24 488
1 15 693
63 76 293
45 87 385
90 39 377
23 73 85
70 32 150
39 30 912
74 95 370
36 98 780
37 23 671
70 28 819
46 6 725
21 27 38
21 24 497
56 98 860
15 38 531
24 6 80
31 63 69
48 84 409
2 99 991
5 1 242
43 41 216
30 21 378
68 92 99
32 47 961
19 23 579
91 90 89
35 48 81
47 46 457
72 18 846
55 83 50
100 61 230
87 82 165
1 58 49
73 32 122
66 71 293
17 91 577
15 64 567
71 78 814
53 78 751
88 67 317
43 23 187
17 71 284
90 42 115
31 86 527
65 97 497
92 71 589
80 31 92
59 85 104
95 64 590
100 52 19
74 4 733
1 36 51
34 74 535
56 12 431
68 78 719
55 61 400
99 90 78
35 62 461
93 49 592
73 98 596
95 52 353
41 45 570
72 75 579
61 9 172
56 52 102
62 57 972
33 4 428
95 9 592
53 30 141
39 25 150
4 47 97
95 96 463
30 44 87
97 2 285
68 65 960
64 1 461
8 73 920
35 28 845
60 76 695
100 93 729
77 83 738
69 55 403
24 42 852
73 32 202
64 76 252
40 89 740
67 25 954
79 4 760
30 62 594
45 51 861
88 86 736
27 31 476
84 54 786
29 92 823
10 83 742
19 99 111
69 95 804
96 58 408
50 55 534
5 30 598
100 74 920
2 32 129
39 60 445
56 46 242
16 86 133
5 35 23
5 85 673
75 27 718
97 16 440
76 4 317
57 61 840
87 3 509
43 77 186
2 7 326
29 48 600
29 90 910
56 27 785
48 84 712
82 79 726
85 35 334
34 80 919
86 80 829
25 2 49
91 29 972
75 60 617
11 1 256
61 96 239
49 23 419
66 63 293
73 34 937
93 81 601
61 52 837
95 15 598
41 19 299
95 96 445
85 80 573
55 15 73
100 55 344
31 78 820
72 1 562
100 30 342
6 39 548
25 78 666
53 17 106
65 53 971
80 48 70
35 41 642
100 72 614
27 62 713
21 64 794
79 25 54
4 73 953
50 54 474
83 73 261
26 20 189
17 42 412
31 6 817
50 42 9
96 8 414
28 24 386
46 92 927
91 9 35
30 63 49
48 55 318
57 8 444
45 83 655
78 30 284
48 88 735
22 47 221
17 80 516
3 60 490
40 64 664
6 96 276
1 4 941
72 79 986
7 13 617
17 64 5
27 68 534
77 91 725
30 92 905
81 76 234
36 14 142
97 32 486
38 86 667
8 54 972
41 16 463
59 57 850
33 96 192
76 95 449
96 13 646
86 26 777
55 52 150
18 20 702
24 85 926
83 43 314
89 34 819
71 26 436
98 32 291
60 10 672
33 25 110
92 28 157
36 90 559
20 49 30
13 45 961
7 68 493
30 48 456
59 83 794
63 84 879
34 38 3
61 17 299
24 77 296
4 21 494
77 29 940
93 25 150
72 95 996
53 87 191
22 34 906
47 15 261
12 87 888
7 51 408
91 20 56
35 64 968
73 12 992
84 85 927
14 4 603
70 92 865
79 22 903
100 90 588
15 97 868
78 3 348
85 47 707
6 68 798
19 47 606
18 8 933
83 78 389
15 58 977
47 49 566
71 94 115
25 18 288
12 48 78
53 6 266
57 25 255
18 55 792
55 23 30
70 72 577
23 13 463
1 53 624
17 70 841
28 58 411
71 40 439
41 74 350
77 76 784
57 71 507
84 49 791
61 45 164
84 7 884
