35 3 290
27 94 951
26 6 292
46 5 288
67 79 381
11 73 47
48 26 52
83 7 399
40 87 894
89 40 212
61 23 225
78 62 540
63 19 679
98 72 907
77 57 8
54 3 54
6 82 157
59 98 53
14 5 374
88 52 287
60 89 261
58 72 576
18 40 351
65 80 838
68 98 791
53 4 443
63 45 273
45 44 93
100 66 36
66 28 951
78 46 421
36 72 457
16 96 448
56 74 750
27 4 492
15 18 637
27 65 643
33 46 312
9 35 43
86 88 670
36 86 12
86 63 363
67 42 143
59 22 967
68 16 718
97 73 611
33 86 54
82 12 15
57 66 959
36 42 494
56 95 15
67 70 337
80 88 191
26 30 328
19 72 32
14 56 899
37 16 304
35 47 869
95 64 290
68 21 381
62 69 310
38 37 274
18 62 369
95 60 378
88 97 598
65 16 108
40 73 544
67 5 299
54 31 71
81 77 924
45 17 337
84 97 883
51 61 975
28 72 14
17 77 678
32 51 262
43 29 737
90 52 361
84 90 950
19 27 185
3 59 694
86 91 892
76 60 33
12 74 933
34 60 343
89 6 882
73 69 714
81 84 349
16 45 817
72 15 988
20 60 872
98 82 204
59 85 799
88 31 976
54 10 510
46 82 759
12 72 807
80 53 61
89 15 989
19 29 210
24 50 482
2 100 768
28 89 963
60 40 931
79 24 179
100 49 191
29 26 664
26 21 282
42 94 137
30 23 72
94 78 485
23 42 124
31 25 360
84 92 102
76 79 68
78 45 805
98 24 669
23 81 392
26 88 52
58 78 818
5 66 489
86 94 607
59 7 107
91 28 264
38 42 665
88 39 300
32 74 236
26 88 296
6 67 70
56 89 391
59 69 610
43 31 389
26 14 875
26 52 22
54 63 365
93 54 135
7 15 740
93 63 614
54 84 619
78 79 522
62 88 547
83 71 229
19 76 509
91 67 755
16 2 758
29 32 570
85 46 326
31 73 873
27 94 304
78 12 636
80 58 270
6 97 586
52 53 70
51 10 972
2 34 873
52 35 845
90 52 30
22 59 863
10 3 859
17 5 231
83 76 489
73 94 381
83 73 712
45 95 504
57 73 970
51 100 862
20 88 687
4 22 766
75 48 401
66 81 168
6 87 718
66 32 500
67 41 725
54 85 524
11 80 256
64 7 680
40 66 939
77 57 416
98 17 528
85 29 661
58 94 364
36 58 770
69 4 331
25 12 554
76 57 27
22 21 276
74 9 373
22 73 623
17 27 978
47 30 199
53 34 55
85 62 884
25 24 333
85 49 594
77 63 844
95 81 584
41 60 948
85 13 215
19 39 492
57 89 686
1 20 450
59 81 347
62 53 179
74 30 123
24 32 720
89 47 869
68 51 517
91 86 144
60 67 679
76 80 272
80 93 196
36 54 356
60 20 118
80 45 205
53 19 710
80 75 341
52 100 618
51 86 238
57 89 607
62 66 229
51 41 951
71 24 742
34 87 169
52 87 268
67 57 647
76 52 256
72 67 935
48 58 168
97 38 676
21 69 198
10 94 526
25 12 296
68 33 454
22 16 491
100 1 743
85 89 652
49 73 220
42 96 866
92 73 694
64 3 651
59 53 472
89 78 796
19 58 505
36 28 710
4 47 627
100 15 665
4 44 674
86 10 925
47 48 37
82 69 987
58 70 930
21 81 711
66 99 472
5 11 337
44 94 677
72 49 814
66 29 849
62 53 357
1 87 333
35 63 642
84 47 469
42 6 738
80 85 568
94 72 312
61 18 557
43 7 216
5 47 432
2 97 427
84 49 172
83 58 816
28 8 612
59 98 329
57 55 591
51 30 841
93 91 6
94 8 218
9 24 236
96 9 477
1 39 355
97 41 765
55 5 775
74 29 337
54 25 596
89 55 546
68 6 972
55 59 598
93 47 670
41 95 911
18 39 524
71 39 243
52 91 257
79 97 490
43 75 626
33 41 577
12 10 387
46 76 236
62 30 747
11 4 707
7 35 490
17 16 633
24 45 578
80 32 607
80 8 798
86 34 66
80 81 512
39 14 45
27 6 193
58 78 89
68 10 622
88 43 623
49 30 425
86 64 38
98 71 372
98 71 703
86 96 900
2 77 454
76 65 282
3 67 254
48 18 801
56 84 223
90 73 253
71 87 118
93 35 541
95 81 217
39 7 639
8 87 866
11 68 326
39 50 504
2 29 383
36 48 419
30 15 894
75 20 685
42 91 33
13 30 401
63 52 870
89 33 357
65 28 993
31 80 449
37 20 625
6 80 773
60 67 701
35 86 167
53 50 671
29 88 704
32 83 993
39 10 505
91 23 316
92 67 36
70 31 908
55 34 427
23 22 463
53 32 749
13 5 679
48 54 448
71 11 402
35 14 922
27 73 647
10 48 85
8 91 674
25 96 713
49 88 77
89 27 470
50 4 71
6 54 906
75 66 315
86 77 708
9 36 683
88 16 401
63 42 239
8 72 732
20 40 53
87 6 943
65 9 409
61 18 694
70 34 911
90 6 483
8 56 198
69 3 984
87 48 997
36 45 993
37 39 624
40 64 476
95 55 338
39 19 853
20 57 321
56 46 718
2 43 805
48 77 266
83 54 758
100 20 680
5 8 434
30 28 399
25 26 488
71 78 328
37 25 153
40 46 391
32 72 920
57 77 476
4 66 794
6 27 984
71 24 674
45 72 882
11 8 778
60 3 219
27 26 490
46 63 127
6 56 403
92 20 227
41 95 249
86 22 116
47 29 621
54 49 692
15 97 89
6 82 569
97 58 611
53 95 463
88 34 255
84 18 268
100 94 47
39 34 449
34 70 827
84 69 287
68 11 754
71 54 725
96 98 907
10 41 619
42 91 292
85 60 143
30 37 869
19 33 778
83 100 978
29 87 162
98 13 489
72 53 124
27 46 291
3 77 856
75 6 945
92 79 922
9 88 476
21 20 597
40 14 942
31 93 139
8 7 383
62 88 110
76 96 618
75 62 741
16 68 788
43 54 696
38 45 723
80 94 584
100 34 955
58 77 761
62 75 78
25 12 316
7 31 678
76 15 6
35 10 247
88 31 412
9 57 961
62 59 772
35 52 682
67 82 747
76 23 255
49 94 116
20 30 968
26 6 265
13 19 142
88 35 562
66 20 879
28 51 281
9 79 423
77 22 622
2 18 226
23 22 319
25 80 787
97 4 397
50 14 600
11 37 91
66 90 431
33 64 25
46 60 513
55 73 445
65 45 617
87 91 671
98 29 378
90 13 685
54 75 969
7 30 27
28 40 156
30 71 248
96 97 796
13 56 206
55 40 565
43 8 911
11 45 800
57 84 722
86 23 404
32 23 592
68 82 606
59 50 149
88 69 573
71 61 197
69 38 702
69 34 45
12 59 554
44 17 692
18 78 774
93 6 111
15 63 876
95 82 522
87 10 139
85 48 958
46 41 183
37 1 996
78 43 595
7 35 538
89 57 867
12 61 254
54 42 647
33 1 585
11 85 677
20 15 453
19 61 447
43 25 495
19 39 662
72 99 581
50 12 317
98 42 81
76 22 827
54 67 711
44 68 767
33 29 781
76 71 955
85 72 515
78 61 444
27 94 808
25 87 144
69 18 790
52 36 331
41 21 767
43 1 516
88 49 566
54 17 420
95 35 134
96 57 373
78 79 597
15 70 32
23 8 547
93 58 764
69 15 227
28 78 440
20 12 97
89 11 658
31 44 781
21 50 98
43 79 176
14 77 687
53 88 56
14 39 433
41 35 83
38 99 439
82 59 469
26 4 779
46 77 416
66 80 341
8 100 544
6 74 491
5 48 190
63 6 832
3 50 214
24 28 93
59 8 167
29 62 793
11 32 760
81 4 530
80 33 105
76 95 900
4 62 65
69 64 388
91 55 826
47 34 923
70 25 822
64 76 407
93 25 818
2 34 875
93 76 361
91 59 886
43 60 167
48 11 344
92 70 779
56 45 18
51 47 308
95 99 39
92 83 89
7 37 234
50 98 897
26 49 906
33 79 262
89 11 629
45 74 193
92 96 423
92 80 718
100 88 826
100 73 951
43 69 833
22 26 243
9 43 142
18 76 194
17 66 62
81 14 669
46 40 174
12 16 200
51 62 510
96 38 26
5 72 130
52 93 480
36 100 545
66 32 336
72 56 989
86 76 347
79 93 99
24 39 77
68 32 522
22 74 222
87 56 706
8 70 239
21 1 748
6 37 531
53 43 793
95 76 244
4 92 447
75 28 746
13 24 550
31 48 434
88 20 131
23 95 12
47 26 840
17 40 303
100 62 570
19 83 877
6 65 135
1 55 398
21 65 286
55 83 901
30 37 344
12 11 156
20 22 375
100 71 25
29 45 365
53 38 119
29 70 844
22 30 375
4 38 922
23 60 70
44 49 399
9 94 245
88 49 781
98 75 55
74 63 684
1 98 193
89 61 857
85 21 771
51 91 403
57 46 316
59 38 437
81 30 925
99 47 924
54 3 979
63 54 115
83 8 705
41 74 442
28 38 400
13 75 640
87 34 344
29 75 487
86 31 908
46 77 402
69 67 70
45 83 751
38 23 560
16 36 194
37 26 88
54 84 560
90 14 735
21 1 630
26 50 43
24 22 264
40 73 670
59 26 799
78 2 616
14 60 176
91 42 267
97 22 804
77 34 321
88 54 889
88 67 685
27 63 844
7 31 486
70 77 51
98 36 558
12 32 621
88 4 962
31 41 291
61 90 307
75 78 789
74 20 26
69 10 471
95 22 369
77 1 499
86 81 339
26 75 256
89 40 75
92 48 913
41 70 319
46 17 763
9 43 779
46 48 3
100 61 838
24 43 507
80 41 942
92 46 467
76 34 411
93 1 616
86 93 177
17 75 399
11 39 891
86 59 55
98 64 705
10 31 678
27 49 647
47 72 397
42 50 22
15 77 837
23 34 246
69 61 932
