14 94 352
12 84 650
59 22 871
32 91 745
9 77 737
86 73 421
99 32 408
46 70 634
33 4 633
67 25 516
71 92 890
24 10 811
15 46 518
5 8 742
77 33 9
76 27 209
95 67 13
92 89 443
17 69 876
16 33 664
91 29 723
71 37 741
39 3 308
21 7 494
70 25 949
99 89 488
61 28 529
82 93 304
50 9 500
97 56 591
75 63 630
47 77 170
49 86 958
93 28 76
42 52 654
89 99 391
74 29 489
72 24 566
79 19 515
91 93 801
92 21 583
20 47 815
87 32 589
90 50 764
25 37 849
33 46 930
72 58 581
43 98 134
97 1 296
33 29 267
14 24 797
94 49 411
43 83 92
88 34 230
54 43 846
43 82 668
52 26 100
80 21 675
19 7 84
62 91 304
4 32 381
78 64 711
6 48 704
17 100 234
20 35 930
33 35 258
42 30 783
19 51 140
88 25 237
3 36 437
22 41 790
29 14 729
37 2 661
75 89 799
62 4 919
99 8 781
62 21 678
35 83 168
88 39 971
29 92 701
19 27 138
34 35 336
14 28 328
79 36 345
9 56 557
21 75 398
10 36 607
34 47 200
99 1 931
66 62 331
87 49 954
93 30 664
79 86 544
38 98 81
45 52 514
16 32 351
76 58 925
18 73 671
75 91 699
75 99 771
34 18 901
41 38 722
15 19 670
5 44 308
38 83 700
96 44 423
56 80 414
20 50 397
38 100 117
7 93 827
1 82 486
77 44 981
40 63 849
39 89 518
86 15 747
26 8 636
36 4 881
56 5 17
34 37 38
15 58 660
68 53 339
66 56 638
2 11 587
71 91 34
16 56 722
73 15 364
76 82 880
54 18 544
22 35 577
25 47 226
4 53 10
94 26 59
91 61 245
11 28 616
38 61 961
11 82 488
42 43 974
99 97 154
29 75 464
83 33 616
89 63 667
70 97 806
47 13 397
47 76 321
93 1 200
58 34 268
32 70 111
62 29 162
64 66 816
90 100 902
18 26 175
6 2 638
87 89 131
15 41 322
14 30 513
82 15 66
20 72 486
77 100 139
27 39 385
4 66 315
29 84 968
42 92 169
24 98 21
