17 1 72
62 53 486
89 12 638
81 65 539
45 12 27
92 42 868
26 88 834
36 11 93
86 89 996
81 15 280
44 4 249
12 80 484
47 69 642
8 46 59
6 70 47
74 91 473
4 77 20
24 96 695
8 46 536
39 44 622
7 80 51
81 8 283
71 92 67
72 70 150
10 56 465
3 59 122
94 98 930
17 77 925
86 88 298
51 21 841
63 16 766
82 79 907
93 50 166
36 50 287
27 86 523
41 84 755
26 27 634
63 95 601
93 52 387
62 80 7
55 75 982
16 14 511
53 42 656
91 48 732
86 81 221
69 8 233
55 75 623
25 95 521
93 28 41
87 22 180
40 10 157
55 80 40
24 10 108
99 84 350
68 19 936
76 16 228
8 31 628
61 41 108
83 80 866
47 54 984
24 78 544
13 83 187
11 83 473
63 94 906
39 97 477
77 89 877
65 57 122
3 8 248
32 31 10
56 78 222
63 40 818
80 31 85
59 12 894
26 13 8
47 13 5
60 17 55
6 31 800
42 41 853
38 89 215
77 73 533
6 69 944
80 52 788
45 35 793
47 43 45
89 92 153
8 40 56
89 15 492
45 93 847
58 78 140
79 39 949
41 53 399
18 98 96
87 75 459
36 14 492
36 6 823
56 2 685
72 4 996
100 58 410
89 31 180
37 50 672
32 54 134
75 48 558
86 25 637
38 29 413
91 14 756
46 62 242
80 2 741
23 79 294
26 57 617
67 74 73
100 89 866
59 77 135
68 58 774
63 60 408
62 61 742
9 42 416
9 43 811
19 48 300
90 98 406
5 76 442
98 18 499
21 88 104
94 70 857
45 12 425
61 97 621
46 1 32
97 60 594
11 80 864
21 34 206
63 57 816
23 45 275
12 22 143
94 82 116
29 23 268
78 46 622
71 100 867
55 58 542
100 26 135
22 39 826
54 30 256
64 22 42
33 54 877
27 50 660
88 14 301
28 1 474
10 35 197
88 83 24
82 78 769
12 63 294
59 45 249
21 45 677
70 82 409
22 2 793
65 99 152
24 16 629
6 20 150
89 75 582
86 57 635
43 98 674
60 87 11
48 1 334
71 37 830
74 67 261
17 45 42
96 36 259
51 91 2
72 79 155
66 7 740
54 63 594
4 87 940
50 37 593
47 51 308
71 12 386
65 61 181
66 34 242
19 12 331
88 30 794
12 99 305
78 9 582
54 59 838
59 58 357
76 16 63
26 71 171
9 81 449
92 74 181
22 37 696
97 89 353
12 75 341
85 79 65
20 54 27
73 34 577
45 29 395
33 59 766
4 36 708
95 47 819
73 89 437
8 37 588
82 76 535
92 4 234
29 93 932
8 24 127
77 59 476
72 62 133
62 78 498
100 74 417
21 9 927
76 10 800
65 82 20
8 45 653
98 57 832
55 84 26
86 72 91
98 4 570
56 75 995
3 27 237
88 29 418
63 34 289
98 87 889
81 55 164
82 97 772
10 1 335
11 63 204
68 20 784
2 61 329
25 3 430
43 16 314
31 37 726
60 44 933
95 21 715
73 19 792
71 10 613
17 10 595
15 36 847
85 30 399
27 81 559
56 12 870
28 13 572
38 31 914
45 9 841
14 36 130
51 53 772
87 27 367
82 95 919
67 85 973
6 78 211
60 33 509
22 51 411
33 50 820
26 68 926
100 64 400
59 53 391
85 22 262
35 24 557
95 74 585
44 22 779
75 61 511
72 8 209
82 33 40
59 48 964
21 50 122
65 97 550
99 68 489
92 86 294
35 83 231
78 16 779
14 88 393
46 89 106
50 71 238
99 10 374
38 55 722
57 33 515
99 89 615
45 75 796
60 81 397
48 15 31
80 20 407
82 12 361
82 6 704
74 100 5
21 68 580
36 11 303
76 77 285
76 7 68
38 23 968
92 87 926
78 27 379
63 36 358
51 47 425
94 95 950
98 37 514
73 99 196
16 27 478
94 14 128
69 29 424
49 77 363
76 21 888
48 21 197
