80 53 411
93 75 180
30 81 147
32 93 436
1 51 371
37 44 120
80 51 680
36 41 269
1 30 177
88 44 286
47 31 848
98 20 585
21 2 973
39 26 669
52 90 644
42 15 392
27 47 237
18 19 215
13 50 343
49 20 729
52 69 774
48 31 385
41 3 618
34 65 679
81 33 950
89 58 205
11 52 999
29 22 209
76 37 141
18 7 542
37 22 289
85 33 18
56 73 35
57 2 601
34 65 307
23 14 350
11 54 46
6 62 159
14 17 767
84 6 104
98 37 828
40 22 38
88 30 668
25 98 765
21 14 402
59 63 414
90 1 841
71 39 239
27 50 212
55 62 276
33 43 129
21 89 321
84 17 501
4 88 605
92 9 163
49 14 663
40 63 468
27 95 901
79 30 755
77 60 757
53 14 965
99 32 137
48 34 601
99 80 305
24 95 388
53 86 273
8 50 549
18 27 995
45 3 640
46 61 414
68 20 979
92 71 107
97 60 508
63 80 27
49 96 907
17 33 913
67 65 918
15 75 566
99 16 574
96 74 476
83 93 579
22 82 801
52 43 149
26 76 801
82 17 281
82 17 383
3 70 372
50 64 515
6 40 669
20 32 13
1 3 789
95 55 88
57 63 59
60 17 466
73 62 179
48 56 134
55 35 965
71 56 422
98 64 98
25 90 621
9 20 909
58 21 461
84 92 304
11 17 978
100 33 751
34 95 101
35 62 294
38 44 357
4 28 205
91 95 481
30 25 452
1 69 594
45 27 469
72 85 543
70 32 877
84 57 178
35 66 561
81 83 799
36 83 858
34 79 860
38 31 83
64 88 978
33 10 423
83 70 682
49 81 766
12 61 523
74 42 249
42 51 895
8 37 181
98 11 7
66 26 846
23 5 743
69 66 312
4 46 658
4 37 784
92 98 346
67 100 423
86 55 572
18 2 2
80 41 613
24 39 589
70 47 982
48 68 556
84 43 240
15 65 717
72 28 334
65 75 161
56 24 466
8 26 32
78 23 589
47 14 139
98 39 13
54 100 522
75 35 484
52 89 947
51 68 352
74 3 270
6 16 102
46 47 201
45 77 150
38 25 705
83 73 354
18 13 776
48 79 634
75 58 650
3 40 941
2 13 38
66 9 344
18 36 635
25 27 376
18 27 714
43 53 766
73 64 457
30 46 602
44 77 583
17 60 80
78 15 276
78 97 569
2 66 705
94 53 998
95 56 24
44 3 848
14 90 430
52 53 356
37 16 138
72 100 410
29 44 349
53 57 731
95 7 358
4 34 971
54 67 337
74 35 681
34 88 146
88 33 76
84 67 385
56 34 746
46 34 224
93 87 560
53 52 784
12 63 837
86 63 235
1 92 279
67 43 593
31 49 18
66 55 419
84 52 120
26 5 891
90 33 539
98 44 153
14 75 892
91 29 165
10 16 863
36 49 562
87 10 254
29 10 316
14 20 648
84 33 530
2 10 907
26 94 60
10 72 267
61 39 658
89 84 978
79 54 873
12 83 234
55 80 743
23 51 643
48 64 16
38 81 973
29 44 114
31 40 466
16 56 988
45 99 277
45 56 717
10 72 742
65 21 243
1 16 761
97 45 576
98 20 896
60 34 605
88 86 459
45 7 940
84 2 350
72 31 460
76 24 632
63 40 846
61 71 631
42 61 433
40 92 397
84 68 716
19 50 126
18 51 499
79 78 540
9 85 564
60 89 344
96 42 152
56 39 483
77 69 510
1 18 218
99 95 718
92 4 399
57 49 706
70 95 768
39 34 872
75 98 430
61 30 281
76 42 574
10 58 335
72 8 569
71 54 49
19 76 978
85 53 653
29 44 904
18 59 961
74 88 374
41 84 415
40 20 108
89 73 179
37 88 130
73 8 707
77 94 416
62 58 722
1 99 7
81 97 300
86 54 587
48 96 708
33 71 189
29 20 742
1 30 78
18 47 119
1 71 117
18 82 823
98 95 910
38 65 184
50 54 811
84 55 905
77 63 523
11 7 604
14 3 866
90 96 174
1 95 448
10 93 549
31 83 536
6 50 962
32 50 45
32 72 84
29 73 14
58 62 541
77 62 753
22 83 382
59 75 74
3 52 116
42 46 682
76 43 837
18 88 348
33 69 865
77 26 605
8 11 77
18 29 252
62 25 467
18 49 919
6 83 246
51 36 425
11 72 705
66 56 438
73 84 398
25 60 29
36 32 119
56 93 847
72 9 555
98 40 176
2 36 478
44 33 25
51 96 65
44 52 639
88 76 188
92 63 662
29 57 136
30 41 726
40 44 871
21 19 65
27 33 530
48 40 435
69 17 226
54 70 883
97 87 891
90 62 399
34 82 382
2 91 932
22 51 891
69 19 865
50 67 941
69 78 644
80 76 529
76 49 219
73 32 485
15 33 346
52 31 501
53 25 255
95 88 277
12 98 868
59 46 102
8 39 992
37 62 556
19 20 809
27 88 640
22 33 518
31 30 183
94 46 696
96 12 529
11 57 315
49 64 933
9 37 944
43 74 751
99 84 672
83 33 339
3 81 660
78 96 789
83 11 689
40 47 754
23 82 11
32 16 620
15 84 210
45 8 884
51 40 883
32 50 457
58 40 215
93 89 777
31 4 559
41 57 891
51 38 710
30 70 99
33 37 664
7 46 949
16 10 162
33 31 196
43 32 689
73 71 115
28 13 163
92 72 522
59 14 174
13 75 690
38 5 856
17 93 898
88 17 275
33 76 374
75 92 822
99 1 146
89 1 59
32 68 721
68 35 501
66 14 668
44 49 73
2 13 372
56 53 804
31 88 994
34 90 668
70 17 343
1 16 155
44 95 642
99 49 622
76 100 69
42 62 394
4 43 210
52 51 859
16 79 115
41 14 733
89 21 260
69 2 846
62 100 574
76 18 723
87 64 77
51 92 667
92 58 166
26 68 410
44 5 276
89 68 863
97 5 406
72 74 179
70 45 739
77 65 15
90 18 642
71 2 676
72 40 223
56 59 249
35 1 66
81 79 110
80 67 684
96 31 604
97 93 976
95 44 112
75 82 772
81 40 807
60 91 967
42 97 642
45 77 183
19 49 728
58 64 277
71 16 909
41 64 202
93 61 260
95 10 583
99 54 920
68 11 527
78 88 1000
52 90 407
66 71 150
32 100 288
21 43 747
31 42 345
73 37 52
5 11 551
47 38 811
88 6 956
12 23 221
18 39 503
39 84 226
39 90 642
40 48 359
51 77 64
23 41 401
24 86 393
79 95 885
65 46 309
93 82 562
38 40 598
53 78 406
88 46 82
48 31 433
93 30 47
48 21 607
11 55 873
95 18 659
40 4 716
61 39 498
78 1 565
40 48 655
38 15 257
21 45 666
55 49 657
63 52 706
56 96 628
86 51 58
28 85 611
45 66 296
63 39 860
78 40 746
50 38 759
74 6 281
9 10 473
1 75 640
74 30 37
52 95 480
73 91 48
93 46 569
26 22 288
8 67 263
59 47 213
50 40 755
97 10 497
7 96 188
74 62 659
53 95 589
48 93 890
97 49 648
85 40 5
94 7 272
27 91 268
56 67 193
41 59 323
10 59 111
62 43 758
73 76 354
61 98 508
19 12 380
61 74 415
63 58 16
89 55 491
13 3 314
71 53 67
61 16 698
2 33 303
17 20 387
62 56 220
5 34 740
51 95 133
86 8 291
63 22 205
88 1 624
18 13 324
60 9 712
40 55 978
1 54 590
23 24 108
78 58 167
23 53 286
66 41 104
67 69 88
91 74 770
58 75 88
2 27 656
85 29 745
72 78 98
66 50 429
34 72 279
89 8 382
34 29 10
32 10 104
28 98 208
36 57 514
97 52 475
8 52 665
81 4 352
43 85 999
26 17 723
80 64 977
48 98 422
36 52 70
100 85 367
11 64 1000
18 32 218
90 100 761
26 92 270
50 67 559
32 19 699
57 39 641
31 49 745
21 4 241
34 50 718
80 36 687
80 26 567
78 92 675
10 78 477
80 42 69
14 19 25
78 19 611
91 81 939
21 90 406
96 89 927
24 99 823
78 58 963
55 49 218
81 85 844
68 6 133
10 11 346
83 10 93
79 11 944
68 90 407
41 1 848
60 61 727
47 9 801
32 45 679
24 76 810
85 95 680
5 27 371
23 26 407
12 29 115
45 78 346
21 74 992
83 21 758
26 55 315
61 70 364
68 76 339
68 66 466
85 11 511
48 60 557
38 72 795
44 48 587
70 94 64
13 88 862
13 93 840
94 30 969
44 38 997
94 48 581
95 76 844
63 62 819
38 3 889
80 45 132
32 86 138
71 35 341
43 34 372
60 48 672
41 30 526
17 36 640
23 24 575
41 48 172
42 73 754
28 87 664
65 52 522
80 46 813
93 2 937
71 47 205
68 53 833
99 7 872
94 56 491
14 100 907
73 20 602
58 74 682
42 90 842
6 32 865
3 81 511
17 19 570
43 50 898
96 95 636
19 4 159
96 80 692
40 38 598
14 87 946
23 61 595
38 15 382
87 83 19
44 47 119
16 91 871
28 39 325
