54 26 355
10 5 370
27 21 437
85 92 733
27 16 888
96 3 519
45 21 523
67 53 766
44 49 832
12 14 460
47 4 65
57 33 590
57 2 729
49 9 76
96 36 667
56 78 768
62 54 862
76 96 749
46 40 796
94 46 818
10 18 975
69 49 30
1 78 119
60 62 740
41 2 131
87 19 216
56 51 163
22 64 663
59 34 266
53 14 846
65 5 736
80 93 519
64 75 545
56 25 769
82 39 371
61 57 225
12 24 808
67 19 472
83 71 931
33 63 270
88 43 236
69 3 177
7 87 332
2 88 952
65 50 372
43 65 550
56 10 714
54 89 637
94 19 237
67 1 744
52 51 466
57 77 681
55 73 888
51 29 188
38 20 884
75 33 968
31 62 647
62 7 252
68 60 645
75 64 114
61 69 903
92 80 711
22 48 148
83 35 746
69 73 37
68 15 893
100 6 383
9 52 46
31 86 730
94 13 934
1 29 776
100 30 711
33 64 337
27 85 724
50 17 497
14 2 450
92 55 752
44 15 79
53 75 548
33 59 503
62 17 894
43 9 333
100 42 456
6 1 782
74 28 191
49 2 559
24 64 306
92 50 132
67 43 753
34 43 591
25 12 399
23 22 566
93 33 131
57 48 383
24 41 392
73 50 421
16 47 811
49 46 741
77 15 682
83 38 521
95 29 698
30 41 197
91 98 929
16 71 752
2 4 262
90 100 785
45 70 254
6 94 123
57 32 60
93 32 174
70 25 840
52 63 667
61 89 896
95 4 756
6 18 411
78 53 805
25 57 854
70 80 440
88 58 67
44 62 312
23 47 268
30 10 411
67 94 402
60 20 769
61 23 344
97 27 933
68 35 171
6 15 261
18 6 377
86 79 333
16 57 429
46 86 772
23 70 194
99 28 861
48 5 864
62 41 155
97 75 390
70 29 566
46 88 234
13 45 498
88 30 222
82 91 29
95 38 123
58 53 735
78 34 469
31 1 723
54 87 628
34 77 609
76 14 797
23 38 92
10 71 741
47 18 827
1 80 490
80 66 710
96 11 798
28 95 556
28 50 62
53 34 618
88 97 675
64 92 160
32 38 18
19 90 750
52 24 23
34 25 839
35 15 498
16 71 633
36 10 597
44 65 960
88 92 501
77 25 886
50 55 526
24 56 367
21 89 200
12 94 958
94 20 287
22 14 8
51 4 205
68 5 937
82 19 614
83 15 202
51 6 376
98 96 336
93 19 742
99 46 525
68 69 989
51 90 272
14 94 781
84 79 206
12 15 950
35 37 79
51 79 998
14 10 552
83 30 420
22 52 815
77 31 666
42 82 376
26 7 127
10 94 126
81 18 148
92 46 75
33 52 868
7 85 568
82 20 18
87 1 749
24 71 767
40 71 94
33 66 334
6 59 211
37 88 962
100 40 458
48 40 670
36 14 627
93 26 735
88 19 322
31 100 616
65 84 670
16 3 180
13 97 95
86 45 525
43 96 356
92 99 910
98 88 862
43 11 492
19 89 831
95 6 53
34 51 726
8 93 496
11 58 712
65 13 108
37 36 843
61 35 848
26 68 304
65 100 901
67 77 959
31 81 193
85 17 547
50 11 38
75 18 374
68 28 178
71 35 168
56 98 278
42 36 559
99 32 103
22 27 345
9 16 221
65 92 888
26 49 989
72 18 173
95 49 941
45 34 669
80 74 873
24 72 870
29 24 516
16 55 826
96 24 511
32 55 107
31 37 533
26 7 448
18 64 934
14 8 373
32 27 140
66 21 509
44 51 602
86 74 699
45 3 802
11 90 135
55 85 847
90 17 403
15 73 420
82 16 625
16 47 725
13 17 63
44 54 891
10 85 476
49 81 580
61 36 552
6 36 239
11 59 97
97 48 68
10 3 971
1 97 3
69 39 630
68 26 978
56 77 100
84 41 932
32 26 674
4 50 196
57 96 213
52 64 559
15 68 675
15 84 56
4 63 946
24 72 647
94 81 143
19 45 931
62 94 687
57 75 310
50 8 782
54 99 269
97 41 471
67 100 202
73 91 902
86 12 489
21 7 49
62 27 270
81 88 949
27 70 879
71 47 952
7 13 80
21 20 409
46 21 202
64 25 355
35 67 25
56 100 380
38 36 292
49 96 507
67 86 682
96 93 607
4 51 872
34 3 187
36 39 513
38 9 813
31 86 622
45 49 549
65 28 989
73 2 929
4 100 706
61 8 69
22 95 743
51 55 48
26 63 54
45 65 706
100 85 19
65 29 630
92 32 847
70 85 310
15 68 386
18 99 175
52 74 215
23 62 453
12 87 966
61 8 2
87 45 384
46 65 872
48 43 726
11 51 189
90 40 646
89 96 678
50 1 805
22 31 587
75 94 292
39 87 147
73 43 965
81 20 877
56 43 112
31 33 700
51 90 822
8 75 281
99 13 794
65 70 936
39 9 626
28 16 641
46 60 617
20 100 792
61 31 531
65 2 950
60 9 246
63 25 793
21 38 352
48 6 402
7 61 81
3 17 735
85 8 219
68 65 706
7 68 879
23 34 892
59 17 711
61 60 187
42 57 81
78 81 49
29 51 326
73 60 792
68 14 158
85 87 136
11 47 702
84 96 659
11 10 383
88 83 833
46 64 754
89 37 360
32 19 33
4 87 635
86 71 432
83 13 989
41 38 585
17 40 193
39 56 835
53 88 667
14 52 946
38 95 893
49 3 348
21 1 179
51 97 962
11 23 845
1 18 954
93 6 110
83 21 603
83 17 395
24 81 399
44 67 548
43 6 909
11 87 594
35 50 863
39 28 787
66 5 992
71 79 883
80 98 891
15 27 21
55 33 953
94 55 886
95 40 45
98 1 982
45 54 751
45 63 420
98 13 389
64 86 528
56 8 412
100 42 333
99 10 595
54 32 267
97 78 691
42 2 243
72 1 304
78 40 355
96 83 274
39 64 269
62 92 279
33 49 90
8 9 427
18 4 736
48 40 432
11 75 498
61 1 321
56 88 948
78 87 167
51 28 9
72 48 573
31 18 472
61 68 954
61 37 163
65 40 166
96 26 351
86 12 450
70 56 708
45 18 637
82 91 194
63 42 871
24 62 662
5 81 919
8 76 187
58 20 183
4 55 277
5 72 332
27 48 274
20 62 145
47 15 190
74 31 773
70 13 431
81 66 771
46 56 491
43 90 285
82 91 353
25 17 111
68 53 797
75 86 47
62 82 520
96 29 58
70 1 102
36 45 611
90 97 570
52 70 338
37 83 755
44 39 344
22 99 258
4 38 285
41 61 54
43 64 562
30 92 977
82 87 631
95 87 635
42 50 354
93 41 948
88 55 14
76 88 833
33 47 151
39 68 349
49 26 102
32 20 465
7 42 198
93 10 895
81 91 303
44 24 384
78 5 274
44 48 708
4 18 149
73 94 159
90 44 997
93 12 403
33 83 496
57 74 362
1 69 603
29 55 385
58 4 614
92 77 271
17 94 194
40 71 698
33 89 72
40 45 244
51 100 677
13 80 626
9 55 774
7 11 263
29 64 306
56 35 568
70 83 255
9 63 869
51 68 237
24 80 276
12 77 113
58 46 435
55 31 613
7 67 344
70 13 696
90 38 828
14 31 746
39 54 733
77 13 882
34 97 105
29 78 181
99 55 744
62 19 327
58 76 780
32 82 72
40 8 464
22 8 553
32 87 881
38 99 735
84 32 84
71 45 800
53 72 691
11 26 636
81 31 824
38 64 838
78 92 205
74 36 24
55 67 926
63 7 244
85 13 836
41 84 954
85 62 298
49 7 441
89 72 256
10 33 994
59 1 715
35 91 872
51 41 932
31 22 972
83 64 244
4 69 469
65 33 14
28 5 502
12 73 857
56 84 302
93 22 935
72 37 687
18 60 88
3 38 470
70 84 861
76 19 417
56 30 869
86 85 941
44 5 106
79 58 341
45 41 226
39 31 899
78 74 904
81 30 556
48 4 561
8 7 56
32 33 931
56 78 189
49 24 512
6 58 604
88 98 804
53 78 433
46 5 42
51 96 18
98 60 673
9 27 592
55 7 800
32 43 876
80 20 887
45 31 938
30 37 957
27 72 58
64 81 278
41 59 175
91 15 322
18 30 669
64 93 8
72 47 547
49 86 999
40 11 849
41 74 804
94 97 646
21 87 867
59 99 164
40 37 617
27 23 647
33 14 515
38 59 47
84 31 470
54 30 659
34 9 71
26 94 616
64 92 165
48 28 83
80 39 460
37 35 794
96 95 896
78 39 196
88 78 863
76 100 382
17 67 270
1 10 131
36 99 479
55 89 827
74 93 887
36 56 409
41 87 935
17 86 761
8 17 196
4 96 438
17 59 822
9 17 272
18 39 27
87 42 873
83 18 697
25 4 870
63 85 716
52 97 290
12 19 999
7 86 845
53 84 483
63 27 89
41 7 399
9 66 883
26 65 838
28 18 172
1 58 674
21 53 393
92 59 252
36 8 125
51 59 635
80 2 290
68 61 511
38 87 260
100 10 728
53 40 195
88 7 996
17 3 190
82 76 998
53 89 366
66 87 245
37 52 745
17 69 235
53 13 235
77 79 811
30 43 106
4 97 13
38 82 448
51 16 217
90 5 580
78 93 718
20 48 598
92 11 801
98 49 309
55 49 904
52 43 943
9 55 934
22 70 181
80 86 893
95 51 369
100 75 640
6 55 193
30 71 838
30 59 119
9 77 926
15 20 772
68 45 465
7 10 242
18 21 183
62 82 501
32 55 595
76 27 151
16 3 555
25 20 88
8 96 774
74 76 713
62 23 385
7 36 851
34 31 382
68 93 290
65 96 209
19 64 716
100 32 764
9 38 139
10 71 411
46 97 727
48 31 29
48 54 705
51 74 115
64 24 273
11 49 589
5 67 53
41 28 16
44 88 108
15 87 438
82 73 671
69 74 474
57 62 882
67 3 327
75 57 302
37 33 590
27 86 44
19 99 710
76 28 851
2 14 503
21 41 634
11 7 974
98 46 507
30 84 51
38 84 824
8 30 711
22 98 147
77 79 223
26 62 913
85 3 238
31 99 312
90 10 131
13 6 861
81 2 513
51 92 243
11 85 209
73 10 997
75 21 534
83 43 516
46 2 975
68 20 38
34 58 92
76 62 369
86 57 557
43 79 92
12 48 664
71 89 904
37 59 112
45 39 762
86 20 846
58 74 827
84 73 186
47 98 386
77 18 45
87 33 535
30 19 905
53 48 91
55 49 309
83 74 466
53 31 567
19 92 638
88 85 321
43 98 24
36 81 829
30 56 603
53 67 964
9 73 844
41 61 498
80 63 364
15 13 42
48 2 211
58 5 917
6 38 890
25 61 56
80 100 996
28 26 537
23 67 779
48 3 253
99 5 732
46 57 290
55 79 916
35 93 579
30 28 784
64 48 902
32 10 275
23 52 398
66 42 118
44 10 958
68 23 166
23 8 602
26 29 171
18 88 530
56 20 467
53 44 845
69 8 269
32 31 267
17 63 255
62 76 984
60 61 739
34 46 630
12 55 928
78 53 171
80 27 57
43 75 229
47 72 469
72 82 272
77 8 10
97 56 711
26 40 531
31 70 584
16 10 984
85 18 222
18 61 686
82 78 989
72 47 1
59 5 231
20 58 749
54 78 200
36 16 844
67 1 959
58 52 234
44 8 900
64 18 171
89 8 322
57 93 886
78 51 929
35 20 309
44 70 337
49 58 246
61 36 12
83 48 308
69 93 609
51 71 988
89 98 270
87 33 371
86 98 214
74 42 839
73 72 928
100 8 902
48 72 128
91 96 313
83 100 492
36 49 528
32 61 663
18 33 699
87 17 296
75 62 816
87 54 787
48 1 671
98 50 394
51 93 330
82 20 867
95 26 210
68 73 845
7 33 455
10 72 798
82 31 661
86 28 176
57 73 742
28 96 487
45 42 258
40 11 410
72 7 92
21 93 579
45 54 202
74 8 183
66 18 893
87 96 106
86 44 823
94 70 308
