89 42 519
49 78 300
7 6 176
13 7 259
33 41 786
36 98 621
21 12 808
96 26 983
29 37 751
7 79 140
24 83 988
53 26 201
10 61 489
54 60 656
81 83 46
92 5 229
54 39 623
2 10 462
42 49 245
79 64 496
88 60 61
9 58 763
11 6 620
85 40 853
59 25 251
7 71 516
80 51 379
37 60 63
52 8 493
60 85 484
52 46 957
40 70 76
46 35 864
34 60 237
19 29 341
63 59 726
66 84 379
78 40 331
6 66 104
57 23 972
40 10 661
8 30 869
95 44 558
75 66 844
32 44 783
58 25 599
66 76 833
93 99 780
76 24 957
37 89 637
85 28 274
73 70 946
88 82 665
56 27 869
59 85 225
21 82 49
71 14 371
55 51 837
94 20 698
34 37 973
23 87 615
33 29 741
50 78 633
8 62 501
24 6 348
92 80 72
6 97 312
65 80 57
27 2 494
84 22 430
39 51 899
9 74 539
96 49 856
91 53 203
43 76 172
24 61 707
69 74 906
45 21 372
41 52 456
19 64 528
57 17 922
96 47 206
10 85 898
10 99 764
43 45 841
24 61 229
25 79 680
86 21 129
35 13 521
18 20 939
29 51 652
98 30 520
21 10 932
88 2 741
16 74 914
79 30 712
96 82 430
66 21 618
17 25 208
27 32 157
56 6 805
46 29 49
77 12 87
67 20 508
16 95 986
76 71 327
100 93 80
16 5 428
56 19 174
55 51 144
32 62 146
51 73 44
76 93 229
95 51 154
57 6 931
4 60 662
66 81 80
47 40 149
4 93 117
41 45 18
80 59 175
57 44 956
60 96 856
6 65 813
36 91 147
2 47 618
27 87 235
41 1 476
61 100 848
16 32 160
48 29 522
11 97 583
6 58 766
45 88 842
63 88 440
29 70 909
66 17 345
1 17 671
64 49 40
46 48 981
2 47 615
13 41 144
65 1 822
79 93 772
86 97 472
32 81 104
15 28 907
8 51 524
71 85 685
31 65 471
95 48 913
36 44 978
76 91 494
57 18 763
98 31 464
32 100 450
87 33 124
72 32 724
12 69 293
71 75 722
57 70 823
6 26 412
64 5 319
6 56 990
22 64 417
15 30 955
5 40 736
71 46 9
24 84 456
61 63 426
87 93 838
55 98 863
79 24 555
74 39 31
66 52 806
54 25 602
52 86 886
64 22 880
29 25 573
16 37 890
90 54 854
33 35 721
53 11 83
10 70 182
19 43 301
72 76 961
74 26 162
100 23 645
95 13 558
70 18 576
44 26 281
56 79 880
39 32 13
48 58 572
45 24 449
45 53 30
58 22 382
98 47 59
31 27 539
71 10 15
35 19 248
21 29 528
20 17 700
33 87 166
23 31 69
54 91 487
73 12 744
26 59 434
42 25 901
43 28 51
89 22 219
60 88 513
80 88 629
83 12 225
76 17 72
50 24 816
10 93 833
32 56 115
5 26 55
27 63 314
5 78 701
3 31 284
31 58 775
75 85 975
99 11 603
58 75 976
71 33 700
22 96 391
88 19 269
66 86 11
71 17 580
79 47 391
56 27 100
95 60 608
19 54 811
94 90 179
53 6 639
39 75 162
26 51 447
56 22 160
47 92 895
11 76 507
22 31 895
97 23 208
21 50 240
67 94 376
16 14 800
11 26 881
31 27 120
91 10 514
19 54 814
76 83 236
51 48 901
24 11 469
69 96 706
1 56 594
12 100 572
48 40 458
70 15 981
12 64 850
92 70 558
87 63 731
1 29 144
66 13 908
44 12 24
90 78 288
26 25 537
60 40 20
6 55 316
77 19 868
55 66 327
10 72 202
82 83 397
14 72 102
58 1 188
39 44 368
11 34 415
57 54 113
73 27 778
13 93 790
86 77 518
79 18 192
21 46 597
98 74 738
83 39 965
48 96 772
36 37 929
32 33 329
92 1 796
52 11 566
70 7 922
22 19 968
68 59 752
99 82 271
4 73 289
88 76 39
54 56 517
5 56 605
44 63 811
59 7 561
31 78 847
36 48 372
73 45 968
94 31 650
88 92 203
45 47 916
23 87 632
84 38 34
86 46 261
54 51 337
50 43 879
25 74 997
5 91 592
90 83 391
71 50 347
3 35 342
75 100 491
75 42 342
12 33 384
25 57 619
54 99 955
25 44 842
43 1 584
65 7 172
62 27 363
82 51 394
59 89 88
44 98 711
6 74 233
73 22 826
65 72 677
60 9 248
43 31 881
47 31 206
67 90 322
65 7 356
82 1 302
14 92 125
5 13 15
39 14 568
19 31 296
31 72 151
