9 32 969
55 2 403
100 43 157
62 29 325
7 2 531
38 78 897
84 81 411
3 19 1
20 14 324
57 85 235
64 3 815
84 67 518
61 2 822
49 74 206
9 27 61
69 83 411
87 53 445
65 83 845
86 95 258
82 20 506
58 7 918
64 77 800
13 33 664
25 44 963
68 12 119
41 97 603
53 100 230
19 61 555
11 38 398
1 70 331
94 53 706
66 63 688
92 90 522
90 98 955
68 67 809
29 87 210
93 60 814
86 28 401
74 42 723
16 66 149
94 87 370
34 17 564
79 95 796
81 75 354
84 23 258
29 50 618
86 74 2
32 78 380
55 84 984
17 56 3
76 21 462
78 91 648
10 23 338
100 49 408
87 8 852
49 25 484
23 55 253
14 74 760
54 77 289
40 70 296
42 51 190
52 37 866
98 78 558
77 43 396
61 83 605
12 95 207
66 50 264
6 57 224
71 57 384
44 82 488
41 57 229
91 24 989
99 40 475
100 42 133
1 47 439
45 10 971
54 66 588
48 53 684
31 82 824
80 84 865
11 1 359
38 52 603
15 89 989
12 19 41
48 80 152
97 82 956
90 11 514
65 28 210
93 81 450
96 61 1
82 38 346
71 60 688
59 83 563
52 7 247
26 6 384
47 54 209
87 80 858
95 97 386
7 81 823
1 77 1000
81 76 57
40 88 511
64 3 27
75 5 470
80 53 508
3 45 917
22 62 429
82 36 840
27 90 837
75 87 543
46 35 570
64 96 339
51 63 473
67 3 8
24 82 67
36 79 877
5 68 284
9 57 688
52 38 714
55 48 782
5 64 378
29 74 78
10 6 350
28 91 461
50 9 255
78 29 676
56 11 844
36 88 781
64 8 330
34 22 837
90 92 333
12 78 443
24 59 613
27 58 145
15 87 535
24 57 936
11 77 497
25 48 569
18 16 361
50 28 208
60 89 436
40 12 131
44 30 826
21 34 564
59 39 960
82 76 503
3 50 614
61 23 687
78 86 145
1 32 234
84 93 471
70 21 555
58 98 631
89 22 170
77 87 544
75 17 647
46 98 28
16 20 624
26 38 728
42 6 938
83 21 60
13 15 558
6 47 256
2 71 249
8 20 183
56 57 843
1 50 317
65 55 808
15 44 293
84 2 445
16 39 695
73 85 654
80 66 49
68 55 972
11 98 748
83 23 540
97 27 571
22 82 393
94 14 846
58 23 454
23 72 112
27 58 914
35 8 555
32 81 280
53 28 421
13 54 992
46 40 329
98 93 784
28 75 585
18 79 765
35 51 136
27 87 748
3 39 321
47 97 988
36 23 559
74 63 106
31 16 949
28 55 903
51 22 637
55 27 861
93 8 249
50 35 64
21 96 365
63 37 549
96 57 445
13 28 958
29 18 156
81 75 48
18 70 757
32 91 333
11 50 277
70 11 52
80 72 448
1 51 330
14 38 130
34 91 777
91 67 674
93 94 696
69 57 608
49 53 786
72 75 688
15 85 872
60 34 172
42 20 706
43 92 117
37 27 699
77 1 919
60 1 887
59 52 936
56 85 17
4 99 571
61 48 253
84 75 415
84 10 232
11 72 948
68 62 43
77 28 823
99 94 625
64 84 940
61 36 246
73 53 70
11 28 412
75 22 286
100 61 767
82 37 451
23 64 817
58 83 713
80 82 15
12 69 163
48 17 431
69 75 676
25 29 5
80 32 341
91 24 655
24 7 799
5 31 946
43 7 655
28 77 327
94 92 168
13 92 627
21 51 272
36 49 149
29 63 632
74 25 456
7 87 236
36 74 607
13 8 945
36 74 989
15 11 168
33 90 535
51 70 394
8 100 881
57 88 367
4 11 396
83 12 195
38 54 809
32 14 865
18 37 658
76 32 748
83 2 245
2 99 208
75 99 195
57 86 68
79 49 38
52 80 497
81 26 929
59 55 389
87 93 583
88 60 686
7 93 908
3 80 242
28 23 188
8 84 543
58 6 747
55 96 170
54 18 842
91 3 790
89 7 92
47 89 812
79 20 143
64 88 843
83 93 151
96 41 855
27 48 962
4 12 54
92 68 264
55 95 929
25 21 246
1 44 686
72 48 579
65 19 17
32 39 657
40 26 628
62 27 70
7 46 9
13 46 589
100 65 46
35 100 509
53 64 945
35 31 98
55 89 69
43 46 436
31 41 703
16 70 279
63 49 641
97 79 146
98 99 680
89 19 627
67 90 118
3 10 974
66 95 708
38 75 609
78 16 297
41 26 261
30 15 718
91 59 480
59 5 4
69 34 360
16 40 545
9 98 141
47 34 363
51 78 936
39 67 191
53 38 584
68 74 191
99 91 830
45 72 216
99 31 494
2 25 13
49 58 676
4 82 558
38 100 473
64 85 330
32 31 127
26 66 917
