65 84 660
86 19 670
82 77 372
4 37 356
3 30 395
29 93 421
91 33 22
77 27 194
78 84 224
45 89 702
76 92 145
35 55 781
74 96 115
81 71 400
54 44 616
82 62 359
95 48 738
85 79 732
43 55 624
17 5 888
84 46 739
3 50 559
21 33 960
96 55 850
40 72 327
59 75 187
24 33 285
26 46 14
91 73 264
72 16 43
91 70 71
11 59 631
86 88 736
66 73 516
69 31 361
76 41 850
60 92 809
45 1 763
30 35 683
48 80 198
77 39 551
11 10 466
12 37 628
19 48 769
90 57 777
97 91 111
55 84 749
38 67 296
38 23 337
12 73 417
92 82 538
32 2 278
62 63 597
43 91 824
48 4 809
22 38 305
2 22 423
71 50 641
86 15 160
53 36 755
69 8 513
5 65 323
56 26 681
96 57 703
65 17 341
6 4 808
77 48 30
37 7 983
33 5 137
42 15 620
2 18 431
81 30 452
75 13 873
98 37 279
11 42 949
50 41 425
75 30 49
60 20 697
9 18 933
69 74 649
87 13 728
50 95 195
50 80 423
76 19 269
78 62 804
76 50 124
94 44 133
61 48 362
89 50 707
39 82 571
29 31 138
84 22 356
61 54 601
94 57 978
30 20 754
51 9 808
72 94 661
5 44 383
40 88 561
66 89 113
49 79 242
96 100 860
83 53 564
91 83 279
91 84 545
79 8 379
5 13 597
4 9 369
71 25 42
67 38 146
14 89 1
88 75 432
97 57 624
74 33 115
96 56 678
28 55 956
57 78 170
71 96 974
13 58 485
43 49 988
19 42 818
100 46 791
83 26 129
37 12 763
60 19 776
60 71 280
57 49 929
3 8 138
86 93 554
19 97 407
99 97 307
24 75 411
99 88 607
21 9 628
97 96 494
18 4 600
43 74 820
34 57 999
61 96 569
51 13 421
21 1 794
38 2 713
100 80 706
12 76 817
58 40 835
35 40 929
17 51 527
74 43 237
48 20 66
51 73 388
30 26 211
11 14 386
70 64 785
60 66 163
77 25 971
24 85 694
59 56 17
56 75 60
16 52 794
25 52 377
47 50 756
68 52 864
90 26 219
5 16 117
10 81 149
11 19 713
96 91 991
74 93 315
19 24 714
52 21 309
43 93 770
15 84 399
42 56 409
5 15 544
41 23 889
58 52 403
74 16 993
49 57 573
18 14 389
46 31 876
11 22 62
27 29 986
38 57 115
24 88 424
9 52 403
63 68 294
29 84 788
50 4 104
3 8 427
77 64 330
4 41 936
46 81 536
1 61 896
15 6 588
69 77 821
21 38 892
49 16 693
41 63 429
34 24 433
75 60 830
6 22 454
78 11 621
17 24 562
89 84 341
50 73 705
25 55 583
21 49 840
34 46 588
90 81 245
10 22 461
67 47 213
81 56 517
61 22 529
84 22 553
54 42 270
71 20 905
69 43 941
41 2 539
2 75 497
93 54 909
97 32 334
34 91 512
21 79 353
11 59 544
98 59 439
94 47 354
97 27 729
77 60 350
39 75 631
21 46 984
65 20 23
56 40 638
51 57 721
76 56 102
26 81 418
78 36 439
59 43 469
61 62 655
99 13 392
84 45 762
69 76 585
83 84 331
44 15 341
67 89 275
88 78 111
89 22 278
100 10 281
65 70 405
56 80 515
31 14 196
79 20 77
61 64 485
82 30 509
78 63 706
91 100 142
99 70 649
14 11 482
26 57 455
61 55 469
74 33 696
32 22 33
62 9 336
77 90 29
92 39 143
93 6 364
59 79 392
52 29 999
22 48 637
95 1 236
41 92 125
19 50 979
87 49 684
27 82 74
59 96 865
63 100 846
84 9 149
98 71 195
34 26 388
8 99 87
89 44 807
15 82 245
52 93 247
25 87 800
54 99 80
89 100 394
90 54 545
15 60 594
97 53 275
72 25 308
60 70 715
3 35 110
76 41 150
64 76 699
33 48 122
19 85 666
40 39 226
32 28 568
40 23 744
93 72 1000
90 46 609
66 12 502
82 4 472
99 100 868
66 27 849
19 18 758
22 76 474
13 34 743
10 76 671
40 6 477
55 98 367
64 82 841
14 88 83
44 84 306
5 35 358
20 4 748
76 45 283
42 44 71
27 79 229
15 13 548
5 42 760
81 66 591
13 66 930
34 77 352
44 74 152
22 38 163
79 88 151
79 40 15
14 49 810
19 46 907
77 100 309
58 23 681
36 62 110
87 24 729
3 23 596
79 29 404
39 49 81
52 30 688
86 63 807
5 54 342
44 36 139
78 67 393
78 53 368
85 91 552
96 46 991
81 56 339
71 39 501
13 44 545
77 6 119
15 52 124
17 76 551
64 16 714
52 25 768
20 54 845
58 21 213
63 97 182
45 63 814
77 62 769
24 78 93
43 66 283
94 59 277
44 28 435
78 24 147
65 71 301
6 42 378
72 5 264
77 38 614
17 38 669
20 69 934
63 61 462
32 75 199
10 38 82
89 90 933
54 60 344
72 76 551
37 35 89
19 47 328
3 16 662
49 14 618
89 3 833
8 41 243
35 27 953
43 52 182
5 72 619
71 5 98
37 1 906
92 59 353
98 91 338
93 43 34
31 20 872
61 65 337
9 22 611
94 24 899
37 57 993
36 85 87
85 69 849
87 11 786
82 45 663
32 35 33
69 34 952
97 60 253
86 51 11
66 18 29
71 91 485
69 29 580
9 93 612
88 71 694
22 24 315
52 61 146
70 72 405
55 67 107
30 27 485
31 92 270
8 99 207
95 61 970
86 75 152
6 59 804
61 84 531
95 39 241
77 62 875
49 80 132
71 73 259
97 63 888
12 82 731
88 3 663
42 86 942
90 68 852
70 26 993
70 49 738
74 96 737
46 14 597
2 24 613
8 99 492
16 69 298
1 24 838
94 88 111
12 95 208
81 25 693
17 74 395
64 86 745
17 56 755
57 80 331
91 39 553
61 91 915
13 100 196
12 62 370
21 58 182
3 65 517
22 99 539
46 45 748
73 85 770
64 48 487
78 22 647
89 10 609
21 73 669
92 58 177
42 22 325
93 55 855
6 76 681
93 44 449
55 6 721
99 49 820
41 89 87
57 14 751
97 55 410
33 1 950
28 11 612
91 7 393
50 88 829
69 34 140
41 100 390
23 9 364
32 55 688
31 21 626
3 14 118
75 76 928
44 26 90
73 17 108
21 9 69
17 77 733
69 84 377
53 12 621
63 61 343
66 13 547
83 10 995
24 64 647
52 54 531
26 29 740
82 77 65
99 63 832
86 25 900
51 73 969
46 65 195
81 14 815
56 40 402
96 44 481
12 44 345
28 88 869
13 33 108
27 99 721
42 68 48
75 80 703
71 72 357
74 36 491
97 76 694
30 9 184
12 75 560
48 59 182
10 16 868
10 25 428
62 93 286
37 95 768
53 67 887
3 16 69
31 48 225
22 61 339
79 37 192
73 83 442
29 36 17
23 4 837
78 83 511
30 70 548
62 26 849
98 22 595
47 67 132
23 43 614
38 59 300
15 42 994
51 84 596
28 3 743
19 100 991
26 29 7
32 61 720
90 10 325
53 22 505
74 61 222
75 56 169
36 73 36
16 13 954
18 23 626
46 42 215
26 56 566
95 30 720
78 26 549
34 52 838
53 9 325
66 93 466
45 53 327
58 32 340
43 25 55
33 3 791
25 47 79
93 68 944
98 41 729
39 43 828
66 69 561
12 72 511
38 20 279
79 15 158
72 94 92
12 43 315
40 86 181
31 44 997
48 36 111
55 2 476
24 98 292
26 42 971
58 52 495
83 53 338
93 39 592
26 11 31
20 49 742
41 91 519
36 90 466
62 17 839
97 27 168
77 11 412
68 11 756
30 39 839
10 24 955
79 100 400
30 14 645
100 10 28
30 76 273
79 94 594
45 12 837
9 31 117
90 39 135
3 71 780
10 56 759
22 73 452
80 93 170
52 63 519
85 45 853
90 50 927
16 39 233
98 27 123
6 43 360
62 66 597
68 1 502
9 8 659
90 66 105
63 39 211
76 57 17
66 86 792
71 85 112
6 84 941
17 88 673
69 53 795
8 90 540
48 39 663
74 59 474
41 2 414
78 31 206
59 76 189
15 82 25
71 78 431
86 38 674
64 20 662
64 15 742
45 75 422
90 31 278
68 45 752
27 24 477
10 94 527
64 24 773
91 60 994
98 15 21
5 35 753
83 42 351
10 22 376
81 47 566
17 97 115
1 40 558
95 23 90
73 89 128
63 98 582
94 61 837
70 27 809
87 91 933
60 54 765
5 4 212
33 1 141
94 66 236
83 40 287
98 33 149
95 50 322
1 69 362
12 4 918
36 56 224
93 58 583
45 76 658
76 27 461
100 57 166
66 25 801
83 91 230
92 26 345
84 99 463
95 84 864
57 49 495
18 74 48
55 27 899
3 71 809
21 26 697
80 24 29
21 60 884
31 46 366
61 74 813
22 97 95
59 14 381
5 9 100
2 71 639
29 41 698
71 42 328
62 82 814
67 17 334
29 66 619
43 70 452
73 49 540
75 61 95
56 70 914
51 16 161
11 69 819
86 61 87
28 25 475
81 68 663
37 32 902
15 56 429
6 33 907
54 47 548
98 89 819
95 68 142
100 75 178
57 27 10
11 66 31
34 81 261
7 100 976
60 3 572
17 14 737
100 41 30
42 90 30
76 53 245
84 57 776
87 3 220
100 88 32
49 29 383
86 74 144
97 47 920
42 69 534
96 46 223
49 10 119
64 23 27
45 2 802
25 60 864
78 3 530
16 38 439
49 19 257
34 39 410
32 77 30
1 7 572
35 50 237
92 17 92
8 30 135
18 24 330
100 80 447
20 35 688
35 91 974
54 21 247
92 93 109
93 94 591
35 27 639
61 45 902
17 56 32
6 35 67
67 75 906
13 81 958
88 11 390
42 10 649
3 8 113
26 47 494
65 34 53
8 83 22
15 82 65
74 28 722
23 43 211
80 29 450
99 47 689
15 91 555
70 36 721
93 36 609
40 10 695
26 74 672
36 34 571
64 72 914
85 78 855
50 12 24
100 22 522
3 60 997
74 56 757
90 50 279
48 10 315
10 88 82
71 46 793
68 24 729
52 39 880
5 52 672
49 19 59
9 72 236
95 49 783
59 58 212
27 9 659
43 25 392
50 33 177
22 93 906
26 75 429
33 27 783
81 42 756
10 26 905
95 56 704
90 83 741
40 71 680
76 100 267
4 10 890
6 92 784
58 32 506
90 50 45
1 2 783
84 25 329
52 20 952
82 77 43
87 13 147
86 36 884
59 97 90
9 5 591
39 75 952
94 2 969
26 31 784
39 84 527
37 7 590
81 39 755
14 84 231
8 83 305
85 71 130
33 11 611
26 12 62
1 25 754
89 34 155
57 99 532
43 32 817
72 61 188
56 54 767
35 30 250
23 33 179
16 93 976
34 76 94
67 22 390
30 79 401
41 11 338
37 41 825
26 60 755
45 15 874
19 45 800
53 98 600
58 36 130
34 31 970
94 56 598
51 83 29
9 72 706
3 82 964
97 70 678
65 56 817
76 66 123
37 27 23
25 94 757
91 78 554
4 44 44
25 80 300
89 15 187
63 53 430
66 25 41
27 12 764
20 43 320
92 79 330
12 40 888
