24 36 685
38 45 636
19 33 186
40 49 478
35 42 894
22 23 170
43 23 703
2 37 555
49 11 164
38 8 488
26 19 854
33 50 750
12 2 217
15 21 8
20 15 413
49 34 516
11 48 602
28 6 559
36 26 998
16 8 193
33 27 80
25 34 933
23 9 631
41 20 359
26 50 768
35 43 337
40 36 513
15 32 531
5 23 792
33 36 513
12 34 652
24 16 842
48 31 666
49 21 726
21 3 724
16 13 345
50 30 302
9 31 586
46 38 185
41 13 657
9 39 223
43 48 463
18 17 580
10 1 520
28 24 856
25 46 492
25 38 859
32 40 331
6 49 915
47 10 46
3 7 776
36 24 492
15 22 795
44 26 618
1 6 809
3 28 578
1 49 123
12 4 387
40 19 809
4 1 125
45 47 453
42 26 899
16 4 240
1 2 293
40 8 730
40 33 437
11 35 218
48 7 645
30 21 745
37 35 807
5 46 604
37 15 802
12 2 667
13 32 205
7 44 215
10 34 30
38 37 713
9 18 90
5 37 324
47 12 608
1 45 430
14 23 190
44 8 495
