27 37 283
14 34 576
16 26 323
35 3 418
9 36 795
43 8 907
4 39 215
9 23 976
7 38 923
28 25 786
15 34 584
33 16 568
27 49 837
8 16 669
2 16 361
32 39 982
47 1 711
40 38 882
5 14 861
23 6 688
4 14 549
45 41 192
17 7 396
11 47 145
17 32 533
22 33 515
8 7 564
50 41 87
33 1 278
18 26 869
8 46 358
39 26 579
42 5 27
10 22 946
22 10 749
22 36 491
12 50 489
33 50 27
47 48 527
26 11 540
22 10 86
5 9 929
33 12 599
46 33 534
27 10 81
1 47 620
47 41 261
47 10 865
22 11 212
24 5 134
34 45 756
1 48 731
1 43 529
4 22 555
4 6 53
23 20 277
45 14 451
40 16 657
15 43 122
27 35 582
17 2 334
43 27 507
9 47 142
29 2 150
7 10 581
20 30 449
41 40 652
47 20 804
32 12 121
28 4 779
1 45 646
39 47 319
19 36 680
16 5 488
48 5 671
13 21 100
24 32 282
43 34 991
9 37 829
28 36 970
44 15 674
4 42 920
3 32 601
47 6 806
25 45 994
27 45 403
43 40 604
38 46 628
39 24 70
32 1 798
46 29 109
11 41 173
43 10 84
36 11 508
46 6 689
33 50 94
9 39 828
8 27 386
2 45 36
43 38 287
38 46 15
38 8 528
3 15 839
15 43 262
39 30 255
15 20 374
1 23 363
29 46 431
1 18 543
14 21 337
10 47 726
48 35 887
5 25 162
30 43 438
42 1 790
46 10 152
43 1 207
