7 40 931
21 16 677
34 40 954
37 13 497
16 27 687
6 45 213
16 21 346
45 17 297
10 39 307
46 24 382
39 20 363
17 30 715
32 30 58
48 11 600
11 15 471
41 13 206
50 18 64
41 35 520
41 21 497
46 9 186
14 35 972
48 45 670
41 16 772
11 39 923
19 38 140
32 21 339
17 37 139
6 48 247
39 48 482
28 8 8
21 11 511
46 27 710
16 40 99
46 27 369
4 25 844
17 21 482
37 35 289
8 42 756
34 2 207
23 35 976
2 26 633
4 16 890
22 36 137
13 43 981
21 37 432
22 20 577
46 40 339
11 48 901
49 10 5
11 18 492
2 21 278
41 28 152
36 34 265
11 16 122
7 6 967
7 20 889
6 15 554
7 22 840
11 8 980
50 37 932
28 30 1
27 37 313
47 34 346
18 44 720
43 14 572
5 22 280
32 47 545
27 13 384
37 25 263
48 9 641
13 10 178
31 11 47
48 31 33
1 21 876
38 32 835
42 43 448
49 18 709
12 29 843
36 40 262
7 21 27
43 2 725
5 22 440
17 22 362
4 17 237
26 47 558
40 31 999
45 21 402
18 1 652
38 44 164
27 31 661
37 8 308
49 10 782
16 30 548
29 8 820
12 3 728
23 21 927
31 37 817
46 2 436
44 15 52
39 38 119
4 45 777
24 21 570
23 10 588
37 2 194
6 23 675
11 22 420
24 48 42
18 47 671
17 48 522
23 26 326
45 39 822
35 34 565
16 47 499
8 11 784
46 8 383
8 9 41
24 39 371
18 33 775
35 13 889
23 47 678
21 45 574
31 5 401
48 45 340
49 2 887
28 3 894
48 16 282
21 44 393
7 25 981
31 27 57
41 22 70
13 37 101
44 24 303
48 20 265
19 17 937
34 15 261
10 14 531
1 25 124
35 42 48
19 15 491
22 1 848
4 22 781
31 41 368
47 21 268
49 40 71
42 1 288
49 22 226
12 28 715
49 44 880
43 8 426
1 27 491
49 11 236
44 26 315
41 25 574
11 5 845
3 18 64
16 18 421
5 27 640
28 6 743
25 2 143
31 40 559
33 36 512
39 27 682
34 20 724
7 30 606
32 8 477
50 17 99
24 6 901
9 46 520
49 20 618
15 46 195
36 22 88
1 30 819
1 42 968
35 8 958
39 29 3
42 46 172
6 11 686
29 17 455
50 20 901
22 32 983
32 39 771
19 33 34
40 33 992
44 43 952
8 10 801
2 19 282
37 31 758
31 25 456
27 13 647
10 3 521
44 35 899
40 48 504
17 43 562
47 10 816
37 34 545
8 24 122
2 20 152
9 22 490
36 44 862
6 42 242
22 9 58
10 20 703
33 41 304
44 9 778
33 18 554
43 30 590
10 49 757
48 2 231
43 8 453
17 19 971
40 33 910
45 4 940
32 31 193
9 3 840
6 33 705
44 31 831
8 46 810
30 28 914
10 14 273
37 38 732
41 19 586
2 27 7
1 10 793
24 26 552
46 1 915
35 39 921
49 29 406
7 50 270
6 29 574
38 47 705
21 31 712
5 7 724
15 13 776
21 14 223
19 8 137
13 18 983
18 28 656
13 44 775
43 15 50
17 8 858
25 39 474
26 4 920
38 40 527
1 38 396
12 40 560
24 5 552
12 26 203
21 14 953
33 17 665
5 39 304
11 39 156
7 44 197
16 2 397
21 28 382
21 41 823
32 6 531
25 24 680
23 39 950
9 50 170
37 35 979
33 28 334
44 19 572
43 18 62
25 24 463
34 45 134
28 45 706
47 23 564
