13 36 272
13 49 742
31 27 885
18 15 106
1 4 327
38 30 254
17 40 168
44 48 549
21 13 106
43 15 537
23 33 921
9 19 977
25 10 511
25 39 257
50 42 939
37 4 274
27 41 614
46 40 281
33 35 577
13 11 427
1 37 954
39 8 251
17 42 257
26 24 882
33 11 876
17 33 121
3 12 273
4 36 77
4 30 878
25 10 890
43 12 250
16 11 117
7 39 655
24 5 583
2 49 473
48 23 17
36 12 80
40 10 806
6 24 5
6 20 767
14 22 582
9 32 109
36 35 787
17 21 46
50 3 478
24 12 263
37 47 168
36 50 204
2 27 115
31 46 209
31 29 85
24 49 352
21 31 284
42 20 537
31 2 354
33 35 519
30 48 205
1 7 337
41 19 977
39 23 649
43 7 595
49 43 116
25 38 400
34 25 324
46 12 608
13 18 272
22 33 45
26 5 424
23 42 603
39 16 12
41 33 302
28 38 405
30 35 512
34 11 584
34 15 526
33 6 665
50 36 526
7 1 818
29 1 667
46 27 310
21 10 337
19 1 171
33 40 918
2 27 519
14 12 793
6 2 220
42 43 778
13 14 712
14 25 156
40 3 503
26 19 426
35 4 545
5 34 382
5 30 359
43 31 393
28 21 185
18 21 361
1 46 398
16 20 793
4 3 54
3 23 605
40 12 437
12 33 976
20 48 459
21 36 938
7 8 66
16 42 171
35 19 437
43 33 800
41 48 275
15 37 713
12 45 173
