42 30 27
38 8 332
49 7 520
29 31 898
34 31 613
44 39 878
19 26 671
25 45 915
38 10 680
11 42 325
8 36 683
43 15 275
40 45 93
2 5 741
6 29 423
46 44 670
5 42 339
10 24 759
6 46 854
11 18 220
13 10 365
40 9 84
12 8 970
3 47 845
29 5 403
11 24 891
6 5 350
4 27 486
41 20 941
10 13 628
13 36 513
15 39 584
14 21 987
19 42 298
12 31 221
11 43 741
2 19 435
18 14 834
27 4 874
29 18 991
14 42 825
49 11 734
36 42 134
16 30 464
24 19 333
43 18 732
6 45 926
6 26 806
11 14 212
13 3 360
32 39 31
46 12 502
36 5 886
24 27 646
12 13 539
10 15 557
11 18 702
46 7 280
31 8 823
38 26 537
16 30 290
48 25 446
6 27 636
32 21 267
12 17 695
31 6 331
47 46 221
30 43 584
37 18 543
1 37 750
16 8 224
5 33 441
26 18 940
19 2 216
42 33 381
44 6 974
31 46 362
29 45 518
5 25 978
27 2 967
24 33 908
17 10 608
45 31 755
30 1 585
50 34 716
47 43 76
20 12 286
1 28 878
19 47 545
16 9 845
11 39 605
32 30 72
13 14 999
38 44 126
1 19 194
25 31 809
24 49 60
15 8 630
22 25 392
34 45 188
28 46 790
2 23 251
49 13 149
29 13 543
12 32 472
28 29 847
6 1 986
27 46 997
11 42 13
15 38 540
25 33 842
21 27 228
34 10 330
22 39 820
18 14 865
16 25 751
33 40 102
19 37 952
9 18 381
27 47 766
32 6 498
10 45 898
11 41 62
28 46 723
43 33 441
5 10 284
38 7 749
21 26 952
13 31 385
44 40 446
38 41 711
3 7 693
35 50 740
9 24 537
6 29 565
8 3 391
1 37 454
37 27 706
4 28 189
3 48 517
48 32 848
7 43 109
28 37 907
36 24 628
18 41 927
17 31 389
37 6 646
32 21 762
8 7 810
45 49 536
21 7 422
42 13 967
50 23 22
26 41 298
18 35 180
5 33 184
34 25 862
11 3 547
32 8 926
24 39 122
8 38 16
26 14 909
45 1 923
40 37 124
10 47 627
11 9 272
24 47 852
31 49 856
46 15 8
42 38 211
19 13 811
50 9 754
44 17 624
46 10 288
19 11 737
48 24 181
38 27 564
39 11 946
39 16 965
10 18 816
30 12 615
18 47 778
30 24 349
47 42 544
37 14 603
36 19 357
27 8 410
27 21 763
28 21 407
40 35 381
17 23 515
40 28 85
24 49 944
27 16 639
9 28 420
29 22 614
22 32 353
14 3 72
27 13 717
34 29 95
29 42 770
44 18 188
2 41 809
50 24 971
31 11 381
24 15 535
21 4 670
27 7 628
40 44 152
43 41 407
29 42 498
28 31 489
28 7 563
16 5 728
15 2 252
41 3 489
33 37 654
48 37 72
10 33 757
5 38 160
28 3 3
21 1 755
31 6 394
10 24 26
16 31 262
40 3 236
39 8 533
21 34 587
11 49 761
27 34 155
18 5 425
36 33 782
30 49 925
8 29 64
28 20 431
16 17 818
24 28 807
22 49 23
1 22 606
8 41 787
5 22 250
17 26 356
3 25 73
26 23 26
31 21 750
2 21 287
49 44 496
31 29 633
6 23 322
18 31 820
27 44 756
4 25 640
7 18 89
37 36 816
45 28 828
16 20 265
5 4 20
38 11 994
47 41 685
26 5 144
15 29 608
46 29 657
4 45 858
