31 47 171
30 25 106
5 21 22
45 21 864
29 46 354
40 36 61
19 32 788
40 34 88
47 2 318
42 44 279
2 11 301
14 23 648
7 15 470
11 2 503
40 50 955
14 6 384
34 39 389
7 44 781
42 28 630
48 40 147
6 37 673
14 50 500
46 29 172
36 45 792
3 25 779
8 22 242
32 1 247
43 44 412
7 21 968
48 32 86
12 2 815
27 37 968
3 14 386
5 7 705
48 41 921
21 24 370
42 7 290
21 25 750
4 24 589
48 35 571
6 44 437
28 8 71
33 4 761
28 8 621
43 13 976
15 1 313
29 42 221
37 12 168
8 43 428
9 27 766
20 42 888
49 18 400
36 11 937
39 49 576
16 38 787
18 37 942
3 10 355
28 27 678
6 45 305
3 24 9
14 12 667
12 48 770
43 32 980
33 44 589
4 34 804
20 1 257
50 35 876
23 6 65
12 16 971
45 22 686
14 8 446
6 20 789
40 3 234
14 32 992
48 47 174
8 37 862
12 4 941
46 35 259
20 33 482
36 44 893
1 46 813
45 13 151
49 47 349
31 17 403
23 36 810
33 9 550
20 39 289
18 27 114
30 10 318
21 28 418
35 48 248
2 5 681
17 25 422
14 47 900
29 10 875
4 7 918
23 4 298
13 39 711
49 43 193
8 33 752
43 5 266
7 6 789
23 35 897
41 8 188
25 1 659
24 8 921
50 16 368
11 41 224
39 49 4
44 49 830
43 25 586
4 5 805
44 13 648
42 33 475
22 3 101
12 37 383
16 27 639
21 8 699
27 12 517
28 25 865
18 27 973
36 10 500
46 49 615
16 20 383
12 50 917
7 26 611
4 11 71
20 29 359
39 36 844
41 26 645
2 7 388
7 11 799
30 42 285
3 41 343
21 35 550
6 16 250
39 36 154
16 5 581
24 22 234
13 9 281
22 14 935
21 43 749
30 35 702
3 13 107
18 12 231
34 27 564
43 47 983
25 35 705
24 44 279
50 29 764
40 12 385
17 19 586
36 11 816
17 22 512
7 5 639
35 12 254
42 6 955
44 35 427
18 27 534
46 38 242
7 27 685
13 5 75
46 37 762
2 4 31
9 36 829
29 37 287
16 24 432
24 31 799
1 27 234
32 20 938
42 43 3
18 26 369
28 36 375
11 47 548
42 37 247
39 46 14
19 49 794
9 13 852
13 40 928
33 22 492
39 23 266
22 15 195
4 13 714
49 12 650
