25 37 254
44 12 753
20 31 587
24 48 621
30 21 162
19 43 67
15 1 669
44 38 682
4 12 420
23 9 114
33 9 690
48 16 564
14 40 802
15 25 114
6 29 910
8 6 338
23 7 283
29 22 645
10 14 311
41 39 52
7 20 285
47 19 52
41 7 331
38 20 715
12 32 287
9 26 992
1 37 714
7 45 136
46 12 232
2 47 246
28 43 63
16 7 716
4 45 532
39 36 827
10 9 604
29 11 11
18 5 89
38 14 99
21 19 251
7 32 734
7 34 21
24 12 575
18 21 138
46 25 247
1 20 313
21 11 839
34 24 622
31 6 256
20 29 59
7 22 596
3 5 71
13 21 419
20 12 990
38 50 801
24 34 154
36 16 741
