4 34 997
3 34 609
42 43 760
5 11 714
18 12 177
23 15 541
19 28 844
19 40 324
16 3 102
8 36 583
39 47 909
38 8 54
16 26 331
7 47 340
12 7 572
30 24 315
41 22 755
31 21 167
31 38 622
43 29 909
3 22 951
16 47 473
31 49 533
29 4 286
42 36 395
9 31 23
10 24 452
50 48 870
16 12 169
25 15 32
47 18 63
38 10 796
39 24 930
35 16 709
25 29 482
2 33 660
45 6 558
3 26 682
44 21 21
47 19 490
47 48 550
9 11 974
24 37 757
23 46 765
29 50 504
15 18 178
28 41 529
17 49 409
35 23 712
20 12 828
7 34 281
27 9 472
41 5 540
20 32 414
22 9 77
19 41 736
9 16 325
31 35 402
33 7 254
21 50 655
50 25 518
46 32 698
17 38 594
38 7 949
37 23 254
13 32 432
44 6 391
31 22 446
35 40 77
23 40 968
48 26 504
21 48 444
38 31 897
15 32 608
7 48 846
43 34 441
33 16 673
33 47 916
8 2 868
36 46 13
9 33 374
22 34 330
39 3 181
15 16 72
31 22 307
40 29 694
3 34 242
25 45 347
11 34 170
34 36 528
30 13 218
12 30 956
40 44 717
49 36 723
36 9 594
2 7 624
5 45 196
40 13 792
41 43 407
21 9 324
11 26 404
30 19 591
48 47 515
46 30 358
7 14 438
21 41 986
44 50 393
4 25 100
