13 5 555
33 18 609
15 12 3
43 4 716
39 33 345
17 23 876
3 48 873
40 28 339
48 4 312
50 48 874
30 35 915
4 13 727
50 35 257
11 46 713
19 13 674
44 8 18
23 18 582
23 32 238
24 33 664
30 3 30
38 30 991
4 21 294
11 2 91
29 38 581
21 16 349
37 18 899
45 27 911
29 4 409
32 21 405
3 8 39
26 49 893
38 4 464
32 5 188
5 40 438
11 31 541
14 8 962
24 5 807
4 21 797
35 18 659
22 11 713
13 26 32
27 1 134
50 20 354
47 24 969
24 37 201
25 11 431
37 16 924
40 28 177
40 5 429
14 35 930
25 9 450
21 12 440
18 46 839
38 49 131
39 32 557
1 17 491
29 24 447
8 5 937
5 9 810
15 16 833
27 5 412
14 35 648
22 50 144
45 47 380
46 15 532
37 22 704
13 50 174
25 23 788
40 18 902
20 11 603
4 9 287
17 49 80
2 13 790
12 34 421
40 2 709
37 19 813
47 29 542
5 20 929
44 17 320
39 24 585
6 48 740
12 28 104
27 38 745
12 33 988
10 6 81
8 15 692
10 9 929
36 46 249
1 41 683
38 21 423
41 1 453
1 29 308
44 27 191
48 26 518
18 30 104
37 18 924
11 26 254
43 11 122
50 24 267
36 22 913
17 28 70
