45 13 206
4 16 502
9 30 411
47 6 238
9 14 585
44 21 379
28 25 61
27 37 278
45 35 399
13 26 695
34 10 265
16 41 969
14 28 215
30 8 672
33 34 272
11 10 323
43 14 438
22 18 435
10 23 807
33 16 62
31 17 338
49 43 995
34 49 86
21 7 94
32 30 650
47 17 315
18 27 477
41 27 787
32 19 334
48 44 482
4 38 541
7 13 594
10 12 256
6 5 197
20 11 35
25 2 378
10 34 577
29 31 145
11 17 415
1 48 249
22 19 273
45 29 353
18 20 587
23 7 296
44 40 7
48 39 768
3 36 337
44 5 736
48 38 11
38 46 781
49 5 229
15 28 85
22 29 916
22 32 879
35 10 274
26 29 356
10 34 789
45 32 179
31 26 643
37 20 584
42 2 63
23 30 685
38 6 851
25 44 492
34 1 379
11 38 648
48 45 206
29 27 407
31 14 2
7 24 454
35 2 564
9 43 266
26 6 965
7 40 227
